-0.000194626  2.50103e+15
-0.000193888  1.8097e+15
-0.00019315  9.12247e+14
-0.000192413  5.58434e+14
-0.000191675  4.11904e+14
-0.000190937  3.53171e+14
-0.0001902  3.43005e+14
-0.000189462  4.00093e+14
-0.000188724  5.99546e+14
-0.000187987  9.96449e+14
-0.000187249  1.92797e+15
-0.000186511  2.52965e+15
-0.000185773  2.01493e+15
-0.000185036  1.06345e+15
-0.000184298  6.31113e+14
-0.00018356  4.57793e+14
-0.000182823  3.79395e+14
-0.000182085  3.30628e+14
-0.000181347  3.63479e+14
-0.000180609  5.27151e+14
-0.000179872  8.84883e+14
-0.000179134  1.73923e+15
-0.000178396  2.5314e+15
-0.000177659  2.21775e+15
-0.000176921  1.25128e+15
-0.000176183  7.15959e+14
-0.000175446  5.16055e+14
-0.000174708  4.17902e+14
-0.00017397  3.29128e+14
-0.000173232  3.37237e+14
-0.000172495  4.5941e+14
-0.000171757  7.97186e+14
-0.000171019  1.56028e+15
-0.000170282  2.50287e+15
-0.000169544  2.41511e+15
-0.000168806  1.47543e+15
-0.000168069  8.21118e+14
-0.000167331  5.89047e+14
-0.000166593  4.65726e+14
-0.000165855  3.41445e+14
-0.000165118  3.18457e+14
-0.00016438  3.97307e+14
-0.000163642  7.28448e+14
-0.000162905  1.39566e+15
-0.000162167  2.45028e+15
-0.000161429  2.59729e+15
-0.000160691  1.73919e+15
-0.000159954  9.53237e+14
-0.000159216  6.78244e+14
-0.000158478  5.24667e+14
-0.000157741  3.68651e+14
-0.000157003  3.0707e+14
-0.000156265  3.46511e+14
-0.000155528  6.64953e+14
-0.00015479  1.25958e+15
-0.000154052  2.36692e+15
-0.000153314  2.77111e+15
-0.000152577  2.03143e+15
-0.000151839  1.12872e+15
-0.000151101  7.81593e+14
-0.000150364  5.98961e+14
-0.000149626  4.11477e+14
-0.000148888  3.05901e+14
-0.000148151  3.05235e+14
-0.000147413  6.05822e+14
-0.000146675  1.1468e+15
-0.000145937  2.27023e+15
-0.0001452  2.92225e+15
-0.000144462  2.35835e+15
-0.000143724  1.35105e+15
-0.000142987  9.09631e+14
-0.000142249  6.88608e+14
-0.000141511  4.7621e+14
-0.000140773  3.13155e+14
-0.000140036  2.7855e+14
-0.000139298  5.41119e+14
-0.00013856  1.06424e+15
-0.000137823  2.15866e+15
-0.000137085  3.06103e+15
-0.000136347  2.70596e+15
-0.00013561  1.63898e+15
-0.000134872  1.06434e+15
-0.000134134  8.05345e+14
-0.000133396  5.60033e+14
-0.000132659  3.35825e+14
-0.000131921  2.61857e+14
-0.000131183  4.72619e+14
-0.000130446  1.0058e+15
-0.000129708  2.04615e+15
-0.00012897  3.18414e+15
-0.000128233  3.07433e+15
-0.000127495  2.00114e+15
-0.000126757  1.26127e+15
-0.000126019  9.52607e+14
-0.000125282  6.69284e+14
-0.000124544  3.75803e+14
-0.000123806  2.55086e+14
-0.000123069  4.0566e+14
-0.000122331  9.59667e+14
-0.000121593  1.95134e+15
-0.000120856  3.28512e+15
-0.000120118  3.47188e+15
-0.00011938  2.44115e+15
-0.000118642  1.52393e+15
-0.000117905  1.13582e+15
-0.000117167  8.10312e+14
-0.000116429  4.37385e+14
-0.000115692  2.60462e+14
-0.000114954  3.40386e+14
-0.000114216  9.23442e+14
-0.000113478  1.8765e+15
-0.000112741  3.3805e+15
-0.000112003  3.8902e+15
-0.000111265  2.97973e+15
-0.000110528  1.8688e+15
-0.00010979  1.37394e+15
-0.000109052  9.8577e+14
-0.000108315  5.33809e+14
-0.000107577  2.75723e+14
-0.000106839  2.84667e+14
-0.000106101  8.86637e+14
-0.000105364  1.8334e+15
-0.000104626  3.47657e+15
-0.000103888  4.3404e+15
-0.000103151  3.62857e+15
-0.000102413  2.32945e+15
-0.000101675  1.68414e+15
-0.000100938  1.21285e+15
-0.0001002  6.74366e+14
-9.94621e-05  3.05142e+14
-9.87244e-05  2.44041e+14
-9.79867e-05  8.3669e+14
-9.7249e-05  1.83713e+15
-9.65113e-05  3.57744e+15
-9.57736e-05  4.85e+15
-9.50359e-05  4.39579e+15
-9.42982e-05  2.95711e+15
-9.35605e-05  2.08978e+15
-9.28228e-05  1.51935e+15
-9.20851e-05  8.68923e+14
-9.13474e-05  3.59178e+14
-9.06097e-05  2.16251e+14
-8.9872e-05  7.7409e+14
-8.91343e-05  1.88803e+15
-8.83966e-05  3.71236e+15
-8.76589e-05  5.43716e+15
-8.69212e-05  5.31946e+15
-8.61835e-05  3.80446e+15
-8.54457e-05  2.64391e+15
-8.4708e-05  1.93501e+15
-8.39703e-05  1.14129e+15
-8.32326e-05  4.4816e+14
-8.24949e-05  2.00973e+14
-8.17572e-05  7.05216e+14
-8.10195e-05  1.98118e+15
-8.02818e-05  3.92634e+15
-7.95441e-05  6.12915e+15
-7.88064e-05  6.46845e+15
-7.80687e-05  4.94205e+15
-7.7331e-05  3.4333e+15
-7.65933e-05  2.50595e+15
-7.58556e-05  1.52885e+15
-7.51179e-05  5.87804e+14
-7.43802e-05  2.01639e+14
-7.36425e-05  6.33524e+14
-7.29048e-05  2.12132e+15
-7.21671e-05  4.26848e+15
-7.14294e-05  6.99608e+15
-7.06917e-05  7.93816e+15
-6.9954e-05  6.49617e+15
-6.92163e-05  4.58271e+15
-6.84786e-05  3.32166e+15
-6.77409e-05  2.0843e+15
-6.70032e-05  8.10777e+14
-6.62655e-05  2.21122e+14
-6.55278e-05  5.63598e+14
-6.47901e-05  2.32566e+15
-6.40524e-05  4.80901e+15
-6.33147e-05  8.17036e+15
-6.25769e-05  9.88898e+15
-6.18392e-05  8.68856e+15
-6.11015e-05  6.29543e+15
-6.03638e-05  4.54563e+15
-5.96261e-05  2.89901e+15
-5.88884e-05  1.17454e+15
-5.81507e-05  2.62682e+14
-5.7413e-05  5.06062e+14
-5.66753e-05  2.6275e+15
-5.59376e-05  5.67973e+15
-5.51999e-05  9.8853e+15
-5.44622e-05  1.26406e+16
-5.37245e-05  1.19118e+16
-5.29868e-05  8.9523e+15
-5.22491e-05  6.47501e+15
-5.15114e-05  4.15476e+15
-5.07737e-05  1.7721e+15
-5.0036e-05  3.35945e+14
-4.92983e-05  4.77396e+14
-4.85606e-05  3.10321e+15
-4.78229e-05  7.15136e+15
-4.70852e-05  1.2604e+16
-4.63475e-05  1.68683e+16
-4.56098e-05  1.6943e+16
-4.48721e-05  1.33323e+16
-4.41344e-05  9.70197e+15
-4.33967e-05  6.2313e+15
-4.2659e-05  2.76695e+15
-4.19213e-05  4.62431e+14
-4.11836e-05  5.06059e+14
-4.04458e-05  3.96061e+15
-3.97081e-05  9.84888e+15
-3.89704e-05  1.74096e+16
-3.82327e-05  2.41403e+16
-3.7495e-05  2.55812e+16
-3.67573e-05  2.12189e+16
-3.60196e-05  1.55891e+16
-3.52819e-05  9.99071e+15
-3.45442e-05  4.49339e+15
-3.38065e-05  6.71114e+14
-3.30688e-05  6.79458e+14
-3.23311e-05  5.8534e+15
-3.15934e-05  1.55404e+16
-3.08557e-05  2.73836e+16
-3.0118e-05  3.88417e+16
-2.93803e-05  4.29124e+16
-2.86426e-05  3.75685e+16
-2.79049e-05  2.79625e+16
-2.71672e-05  1.77613e+16
-2.64295e-05  7.75652e+15
-2.56918e-05  9.40551e+14
-2.49541e-05  1.44383e+15
-2.42164e-05  1.1472e+16
-2.34787e-05  3.10706e+16
-2.2741e-05  5.44229e+16
-2.20033e-05  7.78727e+16
-2.12656e-05  8.88452e+16
-2.05279e-05  8.19052e+16
-1.97902e-05  6.21923e+16
-1.90525e-05  3.87213e+16
-1.83147e-05  1.5409e+16
-1.7577e-05  9.66398e+14
-1.68393e-05  6.38851e+15
-1.61016e-05  3.85068e+16
-1.53639e-05  1.00605e+17
-1.46262e-05  1.77904e+17
-1.38885e-05  2.59704e+17
-1.31508e-05  3.13395e+17
-1.24131e-05  3.16105e+17
-1.16754e-05  2.64165e+17
-1.09377e-05  1.78354e+17
-1.02e-05  7.75759e+16
-9.46231e-06  6.02685e+15
-8.72461e-06  3.19697e+16
-7.9869e-06  2.32334e+17
-7.2492e-06  6.95229e+17
-6.5115e-06  1.4608e+18
-5.77379e-06  2.57265e+18
-5.03609e-06  3.98269e+18
-4.29839e-06  5.59988e+18
-3.56068e-06  7.30351e+18
-2.82298e-06  9.02739e+18
-2.08528e-06  1.05963e+19
-1.34757e-06  1.18325e+19
-6.09871e-07  1.25788e+19
1.27833e-07  1.27982e+19
8.65536e-07  1.23739e+19
1.60324e-06  1.14554e+19
2.34094e-06  1.00822e+19
3.07865e-06  8.43926e+18
3.81635e-06  6.70321e+18
4.55405e-06  5.024e+18
5.29176e-06  3.46492e+18
6.02946e-06  2.15081e+18
6.76716e-06  1.15658e+18
7.50487e-06  5.02451e+17
8.24257e-06  1.37206e+17
8.98027e-06  7.16093e+15
9.71798e-06  2.36638e+16
1.04557e-05  1.12227e+17
1.11934e-05  2.11515e+17
1.19311e-05  2.86577e+17
1.26688e-05  3.21674e+17
1.34065e-05  2.99695e+17
1.41442e-05  2.33229e+17
1.48819e-05  1.49502e+17
1.56196e-05  7.65872e+16
1.63573e-05  2.38295e+16
1.7095e-05  1.7302e+15
1.78327e-05  4.14883e+15
1.85704e-05  2.31528e+16
1.93081e-05  4.72568e+16
2.00458e-05  6.96513e+16
2.07835e-05  8.6069e+16
2.15212e-05  8.70182e+16
2.22589e-05  7.07534e+16
2.29966e-05  4.59251e+16
2.37343e-05  2.35428e+16
2.4472e-05  6.77325e+15
2.52097e-05  2.94507e+14
2.59474e-05  2.53954e+15
2.66852e-05  1.11632e+16
2.74229e-05  2.14305e+16
2.81606e-05  3.14306e+16
2.88983e-05  4.00622e+16
2.9636e-05  4.26409e+16
3.03737e-05  3.55029e+16
3.11114e-05  2.31108e+16
3.18491e-05  1.17838e+16
3.25868e-05  3.43078e+15
3.33245e-05  1.80689e+14
3.40622e-05  1.55072e+15
3.47999e-05  6.38485e+15
3.55376e-05  1.20065e+16
3.62753e-05  1.75693e+16
3.7013e-05  2.29493e+16
3.77507e-05  2.58481e+16
3.84884e-05  2.22886e+16
3.92261e-05  1.47384e+16
3.99638e-05  7.52914e+15
4.07015e-05  2.38344e+15
4.14392e-05  1.78371e+14
4.21769e-05  9.73698e+14
4.29146e-05  3.93967e+15
4.36523e-05  7.50008e+15
4.439e-05  1.09592e+16
4.51277e-05  1.46148e+16
4.58654e-05  1.74472e+16
4.66031e-05  1.58018e+16
4.73408e-05  1.07355e+16
4.80785e-05  5.53047e+15
4.88162e-05  1.94462e+15
4.9554e-05  1.98566e+14
5.02917e-05  6.46299e+14
5.10294e-05  2.54227e+15
5.17671e-05  5.02611e+15
5.25048e-05  7.3269e+15
5.32425e-05  9.92782e+15
5.39802e-05  1.25163e+16
5.47179e-05  1.20591e+16
5.54556e-05  8.49771e+15
5.61933e-05  4.44621e+15
5.6931e-05  1.71857e+15
5.76687e-05  2.35537e+14
5.84064e-05  4.57092e+14
5.91441e-05  1.69565e+15
5.98818e-05  3.53353e+15
6.06195e-05  5.15207e+15
6.13572e-05  7.04342e+15
6.20949e-05  9.31808e+15
6.28326e-05  9.63557e+15
6.35703e-05  7.1127e+15
6.4308e-05  3.80811e+15
6.50457e-05  1.58365e+15
6.57834e-05  2.87405e+14
6.65211e-05  3.43729e+14
6.72588e-05  1.16906e+15
6.79965e-05  2.56432e+15
6.87342e-05  3.77231e+15
6.94719e-05  5.15664e+15
7.02096e-05  7.10559e+15
7.09473e-05  7.91665e+15
7.16851e-05  6.19019e+15
7.24228e-05  3.41678e+15
7.31605e-05  1.49732e+15
7.38982e-05  3.49103e+14
7.46359e-05  2.75275e+14
7.53736e-05  8.36857e+14
7.61113e-05  1.90031e+15
7.6849e-05  2.85337e+15
7.75867e-05  3.87394e+15
7.83244e-05  5.50381e+15
7.90621e-05  6.61199e+15
7.97998e-05  5.53108e+15
8.05375e-05  3.17804e+15
8.12752e-05  1.4416e+15
8.20129e-05  4.15233e+14
8.27506e-05  2.37274e+14
8.34883e-05  6.22962e+14
8.4226e-05  1.43183e+15
8.49637e-05  2.21047e+15
8.57014e-05  2.98446e+15
8.64391e-05  4.30263e+15
8.71768e-05  5.57726e+15
8.79145e-05  5.01946e+15
8.86522e-05  3.04373e+15
8.93899e-05  1.40745e+15
9.01276e-05  4.83331e+14
9.08653e-05  2.20844e+14
9.1603e-05  4.83053e+14
9.23407e-05  1.09623e+15
9.30784e-05  1.7423e+15
9.38161e-05  2.35673e+15
9.45539e-05  3.38482e+15
9.52916e-05  4.72705e+15
9.60293e-05  4.59215e+15
9.6767e-05  2.97907e+15
9.75047e-05  1.395e+15
9.82424e-05  5.50844e+14
9.89801e-05  2.18898e+14
9.97178e-05  3.94054e+14
0.000100455  8.50256e+14
0.000101193  1.39655e+15
0.000101931  1.89704e+15
0.000102669  2.68777e+15
0.000103406  3.99905e+15
0.000104144  4.22378e+15
0.000104882  2.94897e+15
0.000105619  1.41296e+15
0.000106357  6.10942e+14
0.000107095  2.29797e+14
0.000107833  3.40532e+14
0.00010857  6.67184e+14
0.000109308  1.13941e+15
0.000110046  1.54665e+15
0.000110783  2.1642e+15
0.000111521  3.3609e+15
0.000112259  3.89633e+15
0.000112996  2.92975e+15
0.000113734  1.46576e+15
0.000114472  6.60001e+14
0.00011521  2.56695e+14
0.000115947  3.07523e+14
0.000116685  5.36416e+14
0.000117423  9.39605e+14
0.00011816  1.2781e+15
0.000118898  1.76515e+15
0.000119636  2.81117e+15
0.000120373  3.58148e+15
0.000121111  2.91826e+15
0.000121849  1.54477e+15
0.000122587  7.0599e+14
0.000123324  2.97033e+14
0.000124062  2.86853e+14
0.0001248  4.48228e+14
0.000125537  7.77747e+14
0.000126275  1.07043e+15
0.000127013  1.4583e+15
0.000127751  2.3448e+15
0.000128488  3.26679e+15
0.000129226  2.9074e+15
0.000129964  1.64425e+15
0.000130701  7.56589e+14
0.000131439  3.44377e+14
0.000132177  2.78589e+14
0.000132914  3.87883e+14
0.000133652  6.49981e+14
0.00013439  9.0205e+14
0.000135128  1.22749e+15
0.000135865  1.94646e+15
0.000136603  2.96014e+15
0.000137341  2.87886e+15
0.000138078  1.76643e+15
0.000138816  8.13173e+14
0.000139554  3.98617e+14
0.000140291  2.7928e+14
0.000141029  3.49673e+14
0.000141767  5.4879e+14
0.000142505  7.67411e+14
0.000143242  1.04692e+15
0.00014398  1.61888e+15
0.000144718  2.65283e+15
0.000145455  2.83546e+15
0.000146193  1.89765e+15
0.000146931  8.86686e+14
0.000147668  4.54683e+14
0.000148406  2.87512e+14
0.000149144  3.30727e+14
0.000149882  4.67435e+14
0.000150619  6.62731e+14
0.000151357  8.98652e+14
0.000152095  1.35831e+15
0.000152832  2.34557e+15
0.00015357  2.77672e+15
0.000154308  2.02725e+15
0.000155046  9.84554e+14
0.000155783  5.08291e+14
0.000156521  3.08615e+14
0.000157259  3.22557e+14
0.000157996  4.09367e+14
0.000158734  5.7592e+14
0.000159472  7.7836e+14
0.000160209  1.1486e+15
0.000160947  2.05549e+15
0.000161685  2.6885e+15
0.000162423  2.15704e+15
0.00016316  1.10354e+15
0.000163898  5.65963e+14
0.000164636  3.3928e+14
0.000165373  3.25726e+14
0.000166111  3.684e+14
0.000166849  5.06976e+14
0.000167586  6.72677e+14
0.000168324  9.88913e+14
0.000169062  1.77921e+15
0.0001698  2.58168e+15
0.000170537  2.2697e+15
0.000171275  1.25193e+15
0.000172013  6.26493e+14
0.00017275  3.8225e+14
0.000173488  3.36572e+14
0.000174226  3.43843e+14
0.000174964  4.50293e+14
0.000175701  5.83373e+14
0.000176439  8.62387e+14
0.000177177  1.53314e+15
0.000177914  2.44617e+15
0.000178652  2.36926e+15
0.00017939  1.42081e+15
0.000180127  7.00669e+14
0.000180865  4.34071e+14
0.000181603  3.53481e+14
0.000182341  3.34456e+14
0.000183078  4.03438e+14
0.000183816  5.08383e+14
0.000184554  7.61869e+14
0.000185291  1.31839e+15
0.000186029  2.28969e+15
0.000186767  2.44653e+15
0.000187504  1.60958e+15
0.000188242  7.93159e+14
0.00018898  4.92993e+14
0.000189718  3.78912e+14
0.000190455  3.36854e+14
0.000191193  3.68549e+14
0.000191931  4.46949e+14
0.000192668  6.76595e+14
0.000193406  1.13988e+15
0.000194144  2.11425e+15
