-2.999999932944774628e-02 1.512447768788992000e+15
-2.969999983906745911e-02 2.495811508659814400e+16
-2.939999848604202271e-02 3.113619361366016000e+16
-2.909999899566173553e-02 3.126479996688793600e+16
-2.879999950528144836e-02 2.534393414628147200e+16
-2.850000001490116119e-02 1.591687231045632000e+15
-2.819999866187572479e-02 2.943793401692160000e+14
-2.789999917149543762e-02 5.291438363377664000e+15
-2.759999968111515045e-02 3.108193314432614400e+16
-2.730000019073486328e-02 3.456517524370227200e+16
-2.699999883770942688e-02 3.158504990834688000e+16
-2.669999934732913971e-02 7.650475457380352000e+15
-2.639999985694885254e-02 1.618084234264576000e+15
-2.609999850392341614e-02 6.565868842516480000e+14
-2.579999901354312897e-02 1.560099303509196800e+16
-2.549999952316284180e-02 1.977803234030387200e+16
-2.519999817013740540e-02 2.078047126473932800e+16
-2.489999867975711823e-02 1.860831302962380800e+16
-2.459999918937683105e-02 9.547253811249152000e+15
-2.429999969899654388e-02 6.321498222493696000e+15
-2.400000020861625671e-02 3.822215413891072000e+15
-2.369999885559082031e-02 6.914027615682560000e+14
-2.339999936521053314e-02 9.711594829250560000e+14
-2.309999987483024597e-02 3.174051430268928000e+15
-2.279999852180480957e-02 9.854149625643008000e+15
-2.249999903142452240e-02 1.415596846822195200e+16
-2.219999954104423523e-02 1.834640162894643200e+16
-2.189999818801879883e-02 2.712190672542105600e+16
-2.159999869763851166e-02 2.891058451054592000e+16
-2.129999920725822449e-02 2.701304218936934400e+16
-2.099999785423278809e-02 2.142928405685862400e+16
-2.070000022649765015e-02 -1.442471645020160000e+14
-2.039999887347221375e-02 4.520358052888576000e+15
-2.009999752044677734e-02 1.845309291154636800e+16
-1.979999989271163940e-02 6.488918195175424000e+16
-1.949999853968620300e-02 7.457894599911014400e+16
-1.919999904930591583e-02 7.303183005961420800e+16
-1.889999955892562866e-02 4.390460739865804800e+16
-1.859999820590019226e-02 3.110942308250419200e+16
-1.829999871551990509e-02 2.010629883822080000e+16
-1.799999922513961792e-02 2.876321344520192000e+15
-1.769999787211418152e-02 -8.045432731074560000e+14
-1.739999838173389435e-02 3.411881217753088000e+15
-1.709999889135360718e-02 1.552559488421068800e+16
-1.679999753832817078e-02 3.893932455677132800e+16
-1.649999991059303284e-02 6.195226613488025600e+16
-1.619999855756759644e-02 8.927081793794867200e+16
-1.589999906718730927e-02 1.480281781604188160e+17
-1.559999864548444748e-02 1.572517578675322880e+17
-1.529999822378158569e-02 1.468003844494458880e+17
-1.499999873340129852e-02 8.496562002984960000e+16
-1.469999831169843674e-02 5.703082631915110400e+16
-1.439999882131814957e-02 3.471938819194880000e+16
-1.409999839961528778e-02 3.240602753826816000e+15
-1.379999890923500061e-02 -8.965992533196800000e+14
-1.349999941885471344e-02 1.185319276144230400e+16
-1.319999806582927704e-02 4.148997678484684800e+16
-1.289999857544898987e-02 8.904916326573670400e+16
-1.259999908506870270e-02 1.509635821488046080e+17
-1.229999773204326630e-02 2.286693674186178560e+17
-1.199999824166297913e-02 3.756436808636825600e+17
-1.169999875128269196e-02 4.320876256716390400e+17
-1.139999926090240479e-02 4.569884716643123200e+17
-1.109999790787696838e-02 4.261166590575247360e+17
-1.079999841749668121e-02 4.047070373609472000e+17
-1.049999892711639404e-02 3.711012547319562240e+17
-1.019999757409095764e-02 3.176780806823608320e+17
-9.899998083710670471e-03 2.632664284995256320e+17
-9.599998593330383301e-03 2.024638821601116160e+17
-9.299999102950096130e-03 1.352704674339225600e+17
-8.999997749924659729e-03 1.296547869569843200e+16
-8.699998259544372559e-03 3.720701445931008000e+15
-8.399998769164085388e-03 3.977077009573478400e+16
-8.099997416138648987e-03 9.014055740532326400e+16
-7.799997925758361816e-03 2.475105643124490240e+17
-7.499998435378074646e-03 4.776337953406320640e+17
-7.199998944997787476e-03 7.688943224592793600e+17
-6.899997591972351074e-03 1.152598454346711040e+18
-6.599998101592063904e-03 1.618338454452568064e+18
-6.299998611211776733e-03 2.216247792395878400e+18
-5.999999120831489563e-03 2.822357013181235200e+18
-5.699997767806053162e-03 3.472304999516602368e+18
-5.399998277425765991e-03 4.166091613963026432e+18
-5.099998787045478821e-03 4.907178119124746240e+18
-4.799997434020042419e-03 5.683594406788071424e+18
-4.499997943639755249e-03 6.500168157632659456e+18
-4.199998453259468079e-03 7.446177516810665984e+18
-3.899998962879180908e-03 8.254142091609767936e+18
-3.599997609853744507e-03 9.023003085122830336e+18
-3.299998119473457336e-03 9.728671297096908800e+18
-2.999998629093170166e-03 1.043613446180333158e+19
-2.699997276067733765e-03 1.112376023772141978e+19
-2.399997785687446594e-03 1.188947222993253171e+19
-2.099998295307159424e-03 1.249090618983763149e+19
-1.799998804926872253e-03 1.299787450873072845e+19
-1.499997451901435852e-03 1.341037498758856704e+19
-1.199997961521148682e-03 1.368992691846224282e+19
-8.999984711408615112e-04 1.396987247449866240e+19
-5.999971181154251099e-04 1.419638396444842394e+19
-2.999976277351379395e-04 1.443378941560619008e+19
1.862645149230957031e-09 1.448910474608797286e+19
3.000013530254364014e-04 1.443378941560619008e+19
6.000027060508728027e-04 1.419638396444842394e+19
9.000021964311599731e-04 1.396987247449866240e+19
1.200001686811447144e-03 1.368992691846224282e+19
1.500001177191734314e-03 1.341037498758856704e+19
1.800002530217170715e-03 1.299787450873072845e+19
2.100003883242607117e-03 1.249090618983763149e+19
2.400001510977745056e-03 1.188947222993253171e+19
2.700002864003181458e-03 1.112376023772141978e+19
3.000000491738319397e-03 1.043613446180333158e+19
3.300001844763755798e-03 9.728671297096908800e+18
3.600003197789192200e-03 9.023003085122830336e+18
3.900000825524330139e-03 8.254142091609767936e+18
4.200002178549766541e-03 7.446177516810665984e+18
4.500003531575202942e-03 6.500168157632659456e+18
4.800001159310340881e-03 5.683594406788071424e+18
5.100002512335777283e-03 4.907178119124746240e+18
5.400003865361213684e-03 4.166091613963026432e+18
5.700001493096351624e-03 3.472304999516602368e+18
6.000002846121788025e-03 2.822357013181235200e+18
6.300004199147224426e-03 2.216247792395878400e+18
6.600001826882362366e-03 1.618338454452568064e+18
6.900003179907798767e-03 1.152598454346711040e+18
7.200000807642936707e-03 7.688943224592793600e+17
7.500002160668373108e-03 4.776337953406320640e+17
7.800003513693809509e-03 2.475105643124490240e+17
8.100001141428947449e-03 9.014055740532326400e+16
8.400002494454383850e-03 3.977077009573478400e+16
8.700003847479820251e-03 3.720701445931008000e+15
9.000001475214958191e-03 1.296547869569843200e+16
9.300002828240394592e-03 1.352704674339225600e+17
9.600004181265830994e-03 2.024638821601116160e+17
9.900001809000968933e-03 2.632664284995256320e+17
1.020000316202640533e-02 3.176780806823608320e+17
1.050000078976154327e-02 3.711012547319562240e+17
1.080000214278697968e-02 4.047070373609472000e+17
1.110000349581241608e-02 4.261166590575247360e+17
1.140000112354755402e-02 4.569884716643123200e+17
1.170000247657299042e-02 4.320876256716390400e+17
1.200000382959842682e-02 3.756436808636825600e+17
1.230000145733356476e-02 2.286693674186178560e+17
1.260000281035900116e-02 1.509635821488046080e+17
1.290000416338443756e-02 8.904916326573670400e+16
1.320000179111957550e-02 4.148997678484684800e+16
1.350000314414501190e-02 1.185319276144230400e+16
1.380000449717044830e-02 -8.965992533196800000e+14
1.410000212490558624e-02 3.240602753826816000e+15
1.440000347793102264e-02 3.471938819194880000e+16
1.470000110566616058e-02 5.703082631915110400e+16
1.500000245869159698e-02 8.496562002984960000e+16
1.530000381171703339e-02 1.468003844494458880e+17
1.560000143945217133e-02 1.572517578675322880e+17
1.590000279247760773e-02 1.480281781604188160e+17
1.620000414550304413e-02 8.927081793794867200e+16
1.650000177323818207e-02 6.195226613488025600e+16
1.680000312626361847e-02 3.893932455677132800e+16
1.710000447928905487e-02 1.552559488421068800e+16
1.740000210702419281e-02 3.411881217753088000e+15
1.770000346004962921e-02 -8.045432731074560000e+14
1.800000108778476715e-02 2.876321344520192000e+15
1.830000244081020355e-02 2.010629883822080000e+16
1.860000379383563995e-02 3.110942308250419200e+16
1.890000142157077789e-02 4.390460739865804800e+16
1.920000277459621429e-02 7.303183005961420800e+16
1.950000412762165070e-02 7.457894599911014400e+16
1.980000175535678864e-02 6.488918195175424000e+16
2.010000310838222504e-02 1.845309291154636800e+16
2.040000446140766144e-02 4.520358052888576000e+15
2.070000208914279938e-02 -1.442471645020160000e+14
2.100000344216823578e-02 2.142928405685862400e+16
2.130000479519367218e-02 2.701304218936934400e+16
2.160000242292881012e-02 2.891058451054592000e+16
2.190000377595424652e-02 2.712190672542105600e+16
2.220000140368938446e-02 1.834640162894643200e+16
2.250000275671482086e-02 1.415596846822195200e+16
2.280000410974025726e-02 9.854149625643008000e+15
2.310000173747539520e-02 3.174051430268928000e+15
2.340000309050083160e-02 9.711594829250560000e+14
2.370000444352626801e-02 6.914027615682560000e+14
2.400000207126140594e-02 3.822215413891072000e+15
2.430000342428684235e-02 6.321498222493696000e+15
2.460000477731227875e-02 9.547253811249152000e+15
2.490000240504741669e-02 1.860831302962380800e+16
2.520000375807285309e-02 2.078047126473932800e+16
2.550000511109828949e-02 1.977803234030387200e+16
2.580000273883342743e-02 1.560099303509196800e+16
2.610000409185886383e-02 6.565868842516480000e+14
2.640000171959400177e-02 1.618084234264576000e+15
2.670000307261943817e-02 7.650475457380352000e+15
2.700000442564487457e-02 3.158504990834688000e+16
2.730000205338001251e-02 3.456517524370227200e+16
2.760000340640544891e-02 3.108193314432614400e+16
2.790000475943088531e-02 5.291438363377664000e+15
2.820000238716602325e-02 2.943793401692160000e+14
2.850000374019145966e-02 1.591687231045632000e+15
2.880000509321689606e-02 2.534393414628147200e+16
2.910000272095203400e-02 3.126479996688793600e+16
2.940000407397747040e-02 3.113619361366016000e+16
2.970000170171260834e-02 2.495811508659814400e+16
3.000000305473804474e-02 1.512447768788992000e+15
