-2.999999932944774628e-02 1.880165017714688000e+15
-2.969999983906745911e-02 3.263135762874368000e+16
-2.939999848604202271e-02 4.070642442620108800e+16
-2.909999899566173553e-02 4.087874710405120000e+16
-2.879999950528144836e-02 3.314831707235942400e+16
-2.850000001490116119e-02 2.223371022499840000e+15
-2.819999866187572479e-02 3.916168628797440000e+14
-2.789999917149543762e-02 6.678210288812032000e+15
-2.759999968111515045e-02 3.971510302461132800e+16
-2.730000019073486328e-02 4.411598421413068800e+16
-2.699999883770942688e-02 4.024095734549708800e+16
-2.669999934732913971e-02 9.741094275252224000e+15
-2.639999985694885254e-02 1.817508826841088000e+15
-2.609999850392341614e-02 2.229431120691200000e+14
-2.579999901354312897e-02 1.829032438844620800e+16
-2.549999952316284180e-02 2.319709044840857600e+16
-2.519999817013740540e-02 2.428645736343142400e+16
-2.489999867975711823e-02 2.155842728099840000e+16
-2.459999918937683105e-02 1.047492916622131200e+16
-2.429999969899654388e-02 6.582175356944384000e+15
-2.400000020861625671e-02 3.638284244746240000e+15
-2.369999885559082031e-02 5.265859081666560000e+14
-2.339999936521053314e-02 5.708529616814080000e+14
-2.309999987483024597e-02 2.547984784949248000e+15
-2.279999852180480957e-02 7.725486524334080000e+15
-2.249999903142452240e-02 1.270119647307366400e+16
-2.219999954104423523e-02 1.860010319963750400e+16
-2.189999818801879883e-02 3.392613779714867200e+16
-2.159999869763851166e-02 3.772591898624000000e+16
-2.129999920725822449e-02 3.597590234923008000e+16
-2.099999785423278809e-02 2.867608788611891200e+16
-2.070000022649765015e-02 -3.393420777226240000e+14
-2.039999887347221375e-02 4.413476717985792000e+15
-2.009999752044677734e-02 2.063740590410956800e+16
-1.979999989271163940e-02 7.695104784675635200e+16
-1.949999853968620300e-02 8.806023845589811200e+16
-1.919999904930591583e-02 8.538470575872409600e+16
-1.889999955892562866e-02 4.791506747103641600e+16
-1.859999820590019226e-02 3.210085615324364800e+16
-1.829999871551990509e-02 1.925077786007961600e+16
-1.799999922513961792e-02 3.048735290425344000e+15
-1.769999787211418152e-02 -9.287447347200000000e+14
-1.739999838173389435e-02 2.866682632601600000e+15
-1.709999889135360718e-02 1.443501786215219200e+16
-1.679999753832817078e-02 3.483576677328486400e+16
-1.649999991059303284e-02 6.042565007428812800e+16
-1.619999855756759644e-02 9.267010416410624000e+16
-1.589999906718730927e-02 1.657276353080197120e+17
-1.559999864548444748e-02 1.776602570471505920e+17
-1.529999822378158569e-02 1.660578152138670080e+17
-1.499999873340129852e-02 9.264971165938483200e+16
-1.469999831169843674e-02 6.036902093049036800e+16
-1.439999882131814957e-02 3.508716624150528000e+16
-1.409999839961528778e-02 4.318318496317440000e+15
-1.379999890923500061e-02 -1.117859526737920000e+15
-1.349999941885471344e-02 9.953204456390656000e+15
-1.319999806582927704e-02 3.753151158655385600e+16
-1.289999857544898987e-02 7.794053100234342400e+16
-1.259999908506870270e-02 1.438465722312294400e+17
-1.229999773204326630e-02 2.301502721422786560e+17
-1.199999824166297913e-02 4.039829745943183360e+17
-1.169999875128269196e-02 4.647449077229813760e+17
-1.139999926090240479e-02 4.864843829078917120e+17
-1.109999790787696838e-02 4.264694992108257280e+17
-1.079999841749668121e-02 3.997500609858109440e+17
-1.049999892711639404e-02 3.681288968449556480e+17
-1.019999757409095764e-02 3.425717111299768320e+17
-9.899998083710670471e-03 2.959869840090726400e+17
-9.599998593330383301e-03 2.361477988341514240e+17
-9.299999102950096130e-03 1.630541384253440000e+17
-8.999997749924659729e-03 2.067147143721779200e+16
-8.699998259544372559e-03 2.417228532154368000e+15
-8.399998769164085388e-03 3.035322751805030400e+16
-8.099997416138648987e-03 7.359289022742528000e+16
-7.799997925758361816e-03 2.245517822719426560e+17
-7.499998435378074646e-03 4.490807840373473280e+17
-7.199998944997787476e-03 7.347045960767242240e+17
-6.899997591972351074e-03 1.115045665492172800e+18
-6.599998101592063904e-03 1.578926322715983872e+18
-6.299998611211776733e-03 2.185202944146669568e+18
-5.999999120831489563e-03 2.788335924394590208e+18
-5.699997767806053162e-03 3.430165116870459392e+18
-5.399998277425765991e-03 4.110690521574277120e+18
-5.099998787045478821e-03 4.817291394286616576e+18
-4.799997434020042419e-03 5.593614223461580800e+18
-4.499997943639755249e-03 6.422055553060569088e+18
-4.199998453259468079e-03 7.424388494883028992e+18
-3.899998962879180908e-03 8.235775849379397632e+18
-3.599997609853744507e-03 8.991170574231273472e+18
-3.299998119473457336e-03 9.618664059226292224e+18
-2.999998629093170166e-03 1.031225688474832077e+19
-2.699997276067733765e-03 1.100736813582830797e+19
-2.399997785687446594e-03 1.186102456558708326e+19
-2.099998295307159424e-03 1.248458179895466394e+19
-1.799998804926872253e-03 1.298998441328980787e+19
-1.499997451901435852e-03 1.337723130908088730e+19
-1.199997961521148682e-03 1.356212078636118835e+19
-8.999984711408615112e-04 1.383642144970060595e+19
-5.999971181154251099e-04 1.408235251402014720e+19
-2.999976277351379395e-04 1.442106036949142733e+19
1.862645149230957031e-09 1.448910474608797286e+19
3.000013530254364014e-04 1.442106036949142733e+19
6.000027060508728027e-04 1.408235251402014720e+19
9.000021964311599731e-04 1.383642144970060595e+19
1.200001686811447144e-03 1.356212078636118835e+19
1.500001177191734314e-03 1.337723130908088730e+19
1.800002530217170715e-03 1.298998441328980787e+19
2.100003883242607117e-03 1.248458179895466394e+19
2.400001510977745056e-03 1.186102456558708326e+19
2.700002864003181458e-03 1.100736813582830797e+19
3.000000491738319397e-03 1.031225688474832077e+19
3.300001844763755798e-03 9.618664059226292224e+18
3.600003197789192200e-03 8.991170574231273472e+18
3.900000825524330139e-03 8.235775849379397632e+18
4.200002178549766541e-03 7.424388494883028992e+18
4.500003531575202942e-03 6.422055553060569088e+18
4.800001159310340881e-03 5.593614223461580800e+18
5.100002512335777283e-03 4.817291394286616576e+18
5.400003865361213684e-03 4.110690521574277120e+18
5.700001493096351624e-03 3.430165116870459392e+18
6.000002846121788025e-03 2.788335924394590208e+18
6.300004199147224426e-03 2.185202944146669568e+18
6.600001826882362366e-03 1.578926322715983872e+18
6.900003179907798767e-03 1.115045665492172800e+18
7.200000807642936707e-03 7.347045960767242240e+17
7.500002160668373108e-03 4.490807840373473280e+17
7.800003513693809509e-03 2.245517822719426560e+17
8.100001141428947449e-03 7.359289022742528000e+16
8.400002494454383850e-03 3.035322751805030400e+16
8.700003847479820251e-03 2.417228532154368000e+15
9.000001475214958191e-03 2.067147143721779200e+16
9.300002828240394592e-03 1.630541384253440000e+17
9.600004181265830994e-03 2.361477988341514240e+17
9.900001809000968933e-03 2.959869840090726400e+17
1.020000316202640533e-02 3.425717111299768320e+17
1.050000078976154327e-02 3.681288968449556480e+17
1.080000214278697968e-02 3.997500609858109440e+17
1.110000349581241608e-02 4.264694992108257280e+17
1.140000112354755402e-02 4.864843829078917120e+17
1.170000247657299042e-02 4.647449077229813760e+17
1.200000382959842682e-02 4.039829745943183360e+17
1.230000145733356476e-02 2.301502721422786560e+17
1.260000281035900116e-02 1.438465722312294400e+17
1.290000416338443756e-02 7.794053100234342400e+16
1.320000179111957550e-02 3.753151158655385600e+16
1.350000314414501190e-02 9.953204456390656000e+15
1.380000449717044830e-02 -1.117859526737920000e+15
1.410000212490558624e-02 4.318318496317440000e+15
1.440000347793102264e-02 3.508716624150528000e+16
1.470000110566616058e-02 6.036902093049036800e+16
1.500000245869159698e-02 9.264971165938483200e+16
1.530000381171703339e-02 1.660578152138670080e+17
1.560000143945217133e-02 1.776602570471505920e+17
1.590000279247760773e-02 1.657276353080197120e+17
1.620000414550304413e-02 9.267010416410624000e+16
1.650000177323818207e-02 6.042565007428812800e+16
1.680000312626361847e-02 3.483576677328486400e+16
1.710000447928905487e-02 1.443501786215219200e+16
1.740000210702419281e-02 2.866682632601600000e+15
1.770000346004962921e-02 -9.287447347200000000e+14
1.800000108778476715e-02 3.048735290425344000e+15
1.830000244081020355e-02 1.925077786007961600e+16
1.860000379383563995e-02 3.210085615324364800e+16
1.890000142157077789e-02 4.791506747103641600e+16
1.920000277459621429e-02 8.538470575872409600e+16
1.950000412762165070e-02 8.806023845589811200e+16
1.980000175535678864e-02 7.695104784675635200e+16
2.010000310838222504e-02 2.063740590410956800e+16
2.040000446140766144e-02 4.413476717985792000e+15
2.070000208914279938e-02 -3.393420777226240000e+14
2.100000344216823578e-02 2.867608788611891200e+16
2.130000479519367218e-02 3.597590234923008000e+16
2.160000242292881012e-02 3.772591898624000000e+16
2.190000377595424652e-02 3.392613779714867200e+16
2.220000140368938446e-02 1.860010319963750400e+16
2.250000275671482086e-02 1.270119647307366400e+16
2.280000410974025726e-02 7.725486524334080000e+15
2.310000173747539520e-02 2.547984784949248000e+15
2.340000309050083160e-02 5.708529616814080000e+14
2.370000444352626801e-02 5.265859081666560000e+14
2.400000207126140594e-02 3.638284244746240000e+15
2.430000342428684235e-02 6.582175356944384000e+15
2.460000477731227875e-02 1.047492916622131200e+16
2.490000240504741669e-02 2.155842728099840000e+16
2.520000375807285309e-02 2.428645736343142400e+16
2.550000511109828949e-02 2.319709044840857600e+16
2.580000273883342743e-02 1.829032438844620800e+16
2.610000409185886383e-02 2.229431120691200000e+14
2.640000171959400177e-02 1.817508826841088000e+15
2.670000307261943817e-02 9.741094275252224000e+15
2.700000442564487457e-02 4.024095734549708800e+16
2.730000205338001251e-02 4.411598421413068800e+16
2.760000340640544891e-02 3.971510302461132800e+16
2.790000475943088531e-02 6.678210288812032000e+15
2.820000238716602325e-02 3.916168628797440000e+14
2.850000374019145966e-02 2.223371022499840000e+15
2.880000509321689606e-02 3.314831707235942400e+16
2.910000272095203400e-02 4.087874710405120000e+16
2.940000407397747040e-02 4.070642442620108800e+16
2.970000170171260834e-02 3.263135762874368000e+16
3.000000305473804474e-02 1.880165017714688000e+15
