"Harmonic Energy (eV)"	"Harmonic: 1"	"Harmonic Energy (eV)"	"Harmonic: 3"	"Harmonic Energy (eV)"	"Harmonic: 5"	"Harmonic Energy (eV)"	"Harmonic: 7"	"Harmonic Energy (eV)"	"Harmonic: 9"	"Harmonic Energy (eV)"	"Harmonic: 11"
1.89927e+4	6.02590e-6	5.69780e+4	5.13719e-6	9.49634e+4	4.99746e-6	1.32949e+5	4.95003e-6	1.70934e+5	4.92663e-6	2.08919e+5	4.91270e-6
1.89726e+4	6.02741e-6	5.69178e+4	5.13794e-6	9.48630e+4	4.99809e-6	1.32808e+5	4.95062e-6	1.70753e+5	4.92720e-6	2.08699e+5	4.91325e-6
1.89126e+4	6.03274e-6	5.67379e+4	5.14021e-6	9.45632e+4	4.99997e-6	1.32388e+5	4.95236e-6	1.70214e+5	4.92888e-6	2.08039e+5	4.91489e-6
1.88135e+4	6.03951e-6	5.64406e+4	5.14398e-6	9.40677e+4	5.00310e-6	1.31695e+5	4.95528e-6	1.69322e+5	4.93168e-6	2.06949e+5	4.91763e-6
1.86765e+4	6.05085e-6	5.60296e+4	5.14926e-6	9.33826e+4	5.00748e-6	1.30736e+5	4.95935e-6	1.68089e+5	4.93560e-6	2.05442e+5	4.92146e-6
1.85033e+4	6.06363e-6	5.55098e+4	5.15604e-6	9.25163e+4	5.01312e-6	1.29523e+5	4.96459e-6	1.66529e+5	4.94064e-6	2.03536e+5	4.92638e-6
1.82958e+4	6.08015e-6	5.48875e+4	5.16432e-6	9.14791e+4	5.01999e-6	1.28071e+5	4.97098e-6	1.64662e+5	4.94679e-6	2.01254e+5	4.93239e-6
1.80566e+4	6.09962e-6	5.41698e+4	5.17408e-6	9.02830e+4	5.02810e-6	1.26396e+5	4.97852e-6	1.62509e+5	4.95405e-6	1.98622e+5	4.93947e-6
1.77882e+4	6.12201e-6	5.33646e+4	5.18532e-6	8.89410e+4	5.03744e-6	1.24517e+5	4.98720e-6	1.60094e+5	4.96241e-6	1.95670e+5	4.94764e-6
1.74935e+4	6.14819e-6	5.24806e+4	5.19803e-6	8.74676e+4	5.04801e-6	1.22455e+5	4.99703e-6	1.57442e+5	4.97187e-6	1.92429e+5	4.95688e-6
1.71755e+4	6.17541e-6	5.15265e+4	5.21220e-6	8.58776e+4	5.05980e-6	1.20229e+5	5.00799e-6	1.54580e+5	4.98242e-6	1.88931e+5	4.96719e-6
1.68372e+4	6.20635e-6	5.05116e+4	5.22781e-6	8.41861e+4	5.07279e-6	1.17860e+5	5.02008e-6	1.51535e+5	4.99406e-6	1.85209e+5	4.97855e-6
1.64817e+4	6.24106e-6	4.94450e+4	5.24486e-6	8.24083e+4	5.08698e-6	1.15372e+5	5.03328e-6	1.48335e+5	5.00677e-6	1.81298e+5	4.99097e-6
1.61118e+4	6.27752e-6	4.83355e+4	5.26333e-6	8.05592e+4	5.10236e-6	1.12783e+5	5.04759e-6	1.45007e+5	5.02055e-6	1.77230e+5	5.00443e-6
1.57306e+4	6.31558e-6	4.71919e+4	5.28320e-6	7.86532e+4	5.11892e-6	1.10115e+5	5.06300e-6	1.41576e+5	5.03539e-6	1.73037e+5	5.01893e-6
1.53408e+4	6.35844e-6	4.60224e+4	5.30445e-6	7.67040e+4	5.13664e-6	1.07386e+5	5.07950e-6	1.38067e+5	5.05128e-6	1.68749e+5	5.03446e-6
1.49449e+4	6.40280e-6	4.48347e+4	5.32708e-6	7.47244e+4	5.15552e-6	1.04614e+5	5.09708e-6	1.34504e+5	5.06821e-6	1.64394e+5	5.05100e-6
1.45453e+4	6.44843e-6	4.36359e+4	5.35107e-6	7.27264e+4	5.17554e-6	1.01817e+5	5.11573e-6	1.30908e+5	5.08617e-6	1.59998e+5	5.06856e-6
1.41442e+4	6.49902e-6	4.24325e+4	5.37702e-6	7.07209e+4	5.19669e-6	9.90092e+4	5.13543e-6	1.27298e+5	5.10515e-6	1.55586e+5	5.08711e-6
1.37435e+4	6.55078e-6	4.12305e+4	5.40369e-6	6.87176e+4	5.21895e-6	9.62046e+4	5.15617e-6	1.23692e+5	5.12514e-6	1.51179e+5	5.10664e-6
1.33451e+4	6.60345e-6	4.00352e+4	5.43166e-6	6.67253e+4	5.24232e-6	9.34154e+4	5.17795e-6	1.20105e+5	5.14613e-6	1.46796e+5	5.12715e-6
1.29503e+4	6.66131e-6	3.88510e+4	5.46090e-6	6.47517e+4	5.26677e-6	9.06524e+4	5.20074e-6	1.16553e+5	5.16809e-6	1.42454e+5	5.14863e-6
1.25607e+4	6.71996e-6	3.76821e+4	5.49140e-6	6.28035e+4	5.29228e-6	8.79249e+4	5.22454e-6	1.13046e+5	5.19103e-6	1.38168e+5	5.17105e-6
1.21773e+4	6.77910e-6	3.65318e+4	5.52314e-6	6.08864e+4	5.31886e-6	8.52409e+4	5.24933e-6	1.09595e+5	5.21493e-6	1.33950e+5	5.19442e-6
1.18010e+4	6.84375e-6	3.54031e+4	5.55610e-6	5.90052e+4	5.34647e-6	8.26072e+4	5.27509e-6	1.06209e+5	5.23977e-6	1.29811e+5	5.21871e-6
1.14328e+4	6.90877e-6	3.42983e+4	5.59025e-6	5.71638e+4	5.37510e-6	8.00294e+4	5.30182e-6	1.02895e+5	5.26555e-6	1.25760e+5	5.24391e-6
1.10731e+4	6.97580e-6	3.32193e+4	5.62557e-6	5.53655e+4	5.40474e-6	7.75117e+4	5.32949e-6	9.96580e+4	5.29224e-6	1.21804e+5	5.27001e-6
1.07226e+4	7.04477e-6	3.21677e+4	5.66204e-6	5.36128e+4	5.43537e-6	7.50579e+4	5.35810e-6	9.65031e+4	5.31983e-6	1.17948e+5	5.29700e-6
1.03815e+4	7.11563e-6	3.11445e+4	5.69964e-6	5.19075e+4	5.46697e-6	7.26706e+4	5.38762e-6	9.34336e+4	5.34832e-6	1.14197e+5	5.32487e-6
1.00502e+4	7.18832e-6	3.01507e+4	5.73835e-6	5.02511e+4	5.49953e-6	7.03515e+4	5.41804e-6	9.04520e+4	5.37768e-6	1.10552e+5	5.35359e-6
9.72886e+3	7.26280e-6	2.91866e+4	5.77813e-6	4.86443e+4	5.53366e-6	6.81020e+4	5.44936e-6	8.75597e+4	5.40790e-6	1.07017e+5	5.38316e-6
9.41752e+3	7.34021e-6	2.82526e+4	5.81898e-6	4.70876e+4	5.56812e-6	6.59227e+4	5.48154e-6	8.47577e+4	5.43897e-6	1.03593e+5	5.41355e-6
9.11623e+3	7.41686e-6	2.73487e+4	5.86087e-6	4.55811e+4	5.60348e-6	6.38136e+4	5.51458e-6	8.20461e+4	5.47087e-6	1.00279e+5	5.44477e-6
8.82493e+3	7.49635e-6	2.64748e+4	5.90377e-6	4.41247e+4	5.63973e-6	6.17745e+4	5.54846e-6	7.94244e+4	5.50359e-6	9.70742e+4	5.47679e-6
8.54353e+3	7.57882e-6	2.56306e+4	5.94767e-6	4.27177e+4	5.67685e-6	5.98047e+4	5.58317e-6	7.68918e+4	5.53711e-6	9.39788e+4	5.50960e-6
8.27189e+3	7.66146e-6	2.48157e+4	5.99253e-6	4.13595e+4	5.71482e-6	5.79033e+4	5.61869e-6	7.44470e+4	5.57142e-6	9.09908e+4	5.54319e-6
8.00984e+3	7.74557e-6	2.40295e+4	6.03835e-6	4.00492e+4	5.75364e-6	5.60689e+4	5.65560e-6	7.20886e+4	5.60650e-6	8.81083e+4	5.57753e-6
7.75717e+3	7.83111e-6	2.32715e+4	6.08509e-6	3.87859e+4	5.79327e-6	5.43002e+4	5.69273e-6	6.98146e+4	5.64234e-6	8.53289e+4	5.61262e-6
7.51366e+3	7.91625e-6	2.25410e+4	6.13275e-6	3.75683e+4	5.83371e-6	5.25957e+4	5.73062e-6	6.76230e+4	5.67893e-6	8.26503e+4	5.64845e-6
7.27907e+3	8.00625e-6	2.18372e+4	6.18128e-6	3.63953e+4	5.87494e-6	5.09535e+4	5.76926e-6	6.55116e+4	5.71625e-6	8.00698e+4	5.68499e-6
7.05313e+3	8.09684e-6	2.11594e+4	6.23068e-6	3.52657e+4	5.91693e-6	4.93719e+4	5.80864e-6	6.34782e+4	5.75428e-6	7.75845e+4	5.72224e-6
6.83559e+3	8.18654e-6	2.05068e+4	6.28093e-6	3.41780e+4	5.95968e-6	4.78491e+4	5.84874e-6	6.15203e+4	5.79362e-6	7.51915e+4	5.76018e-6
6.62617e+3	8.27969e-6	1.98785e+4	6.33200e-6	3.31309e+4	6.00317e-6	4.63832e+4	5.88954e-6	5.96356e+4	5.83308e-6	7.28879e+4	5.79880e-6
6.42460e+3	8.37164e-6	1.92738e+4	6.38387e-6	3.21230e+4	6.04738e-6	4.49722e+4	5.93104e-6	5.78214e+4	5.87321e-6	7.06706e+4	5.83809e-6
6.23061e+3	8.46590e-6	1.86918e+4	6.43749e-6	3.11530e+4	6.09230e-6	4.36142e+4	5.97321e-6	5.60754e+4	5.91400e-6	6.85367e+4	5.87859e-6
6.04391e+3	8.56260e-6	1.81317e+4	6.49097e-6	3.02195e+4	6.13790e-6	4.23074e+4	6.01604e-6	5.43952e+4	5.95544e-6	6.64830e+4	5.91919e-6
5.86424e+3	8.65905e-6	1.75927e+4	6.54519e-6	2.93212e+4	6.18418e-6	4.10497e+4	6.05952e-6	5.27782e+4	5.99751e-6	6.45066e+4	5.96042e-6
5.69134e+3	8.75653e-6	1.70740e+4	6.60013e-6	2.84567e+4	6.23112e-6	3.98393e+4	6.10364e-6	5.12220e+4	6.04021e-6	6.26047e+4	6.00226e-6
5.52493e+3	8.85498e-6	1.65748e+4	6.65579e-6	2.76247e+4	6.27871e-6	3.86745e+4	6.14837e-6	4.97244e+4	6.08351e-6	6.07742e+4	6.04470e-6
5.36477e+3	8.95438e-6	1.60943e+4	6.71214e-6	2.68239e+4	6.32692e-6	3.75534e+4	6.19372e-6	4.82830e+4	6.12741e-6	5.90125e+4	6.08773e-6
5.21061e+3	9.05471e-6	1.56318e+4	6.76917e-6	2.60531e+4	6.37576e-6	3.64743e+4	6.23965e-6	4.68955e+4	6.17189e-6	5.73167e+4	6.13133e-6