"Harmonic Energy (eV)"	"Harmonic: 1: spatial_profile-8.json"	"Harmonic Energy (eV)"	"Harmonic: 3: spatial_profile-8.json"	"Harmonic Energy (eV)"	"Harmonic: 5: spatial_profile-8.json"	"Harmonic Energy (eV)"	"Harmonic: 7: spatial_profile-8.json"	"Harmonic Energy (eV)"	"Harmonic: 9: spatial_profile-8.json"	"Harmonic Energy (eV)"	"Harmonic: 11: spatial_profile-8.json"
1.86203e+4	6.00117e-6	5.58608e+4	4.97006e-6	9.31014e+4	4.73698e-6	1.30342e+5	4.63350e-6	1.67582e+5	4.57500e-6	2.04823e+5	4.53738e-6
1.85214e+4	6.00871e-6	5.55643e+4	4.97309e-6	9.26072e+4	4.73889e-6	1.29650e+5	4.63490e-6	1.66693e+5	4.57610e-6	2.03736e+5	4.53829e-6
1.84120e+4	6.01714e-6	5.52359e+4	4.97649e-6	9.20598e+4	4.74103e-6	1.28884e+5	4.63646e-6	1.65708e+5	4.57733e-6	2.02532e+5	4.53930e-6
1.82922e+4	6.02647e-6	5.48767e+4	4.98025e-6	9.14611e+4	4.74340e-6	1.28046e+5	4.63819e-6	1.64630e+5	4.57870e-6	2.01214e+5	4.54043e-6
1.81627e+4	6.03668e-6	5.44880e+4	4.98437e-6	9.08133e+4	4.74600e-6	1.27139e+5	4.64009e-6	1.63464e+5	4.58019e-6	1.99789e+5	4.54166e-6
1.80237e+4	6.04778e-6	5.40712e+4	4.98886e-6	9.01187e+4	4.74882e-6	1.26166e+5	4.64215e-6	1.62214e+5	4.58182e-6	1.98261e+5	4.54300e-6
1.78759e+4	6.05975e-6	5.36277e+4	4.99370e-6	8.93795e+4	4.75187e-6	1.25131e+5	4.64438e-6	1.60883e+5	4.58357e-6	1.96635e+5	4.54445e-6
1.77196e+4	6.07260e-6	5.31589e+4	4.99890e-6	8.85982e+4	4.75515e-6	1.24038e+5	4.64678e-6	1.59477e+5	4.58546e-6	1.94916e+5	4.54601e-6
1.75555e+4	6.08632e-6	5.26664e+4	5.00445e-6	8.77774e+4	4.75866e-6	1.22888e+5	4.64934e-6	1.57999e+5	4.58748e-6	1.93110e+5	4.54768e-6
1.73839e+4	6.10089e-6	5.21517e+4	5.01037e-6	8.69195e+4	4.76239e-6	1.21687e+5	4.65207e-6	1.56455e+5	4.58963e-6	1.91223e+5	4.54946e-6
1.72054e+4	6.11632e-6	5.16163e+4	5.01663e-6	8.60272e+4	4.76635e-6	1.20438e+5	4.65496e-6	1.54849e+5	4.59191e-6	1.89260e+5	4.55134e-6
1.70206e+4	6.13260e-6	5.10618e+4	5.02325e-6	8.51031e+4	4.77053e-6	1.19144e+5	4.65802e-6	1.53186e+5	4.59433e-6	1.87227e+5	4.55333e-6
1.68300e+4	6.14972e-6	5.04899e+4	5.03023e-6	8.41498e+4	4.77493e-6	1.17810e+5	4.66124e-6	1.51470e+5	4.59687e-6	1.85130e+5	4.55543e-6
1.66340e+4	6.16768e-6	4.99020e+4	5.03755e-6	8.31699e+4	4.77956e-6	1.16438e+5	4.66463e-6	1.49706e+5	4.59954e-6	1.82974e+5	4.55764e-6
1.64332e+4	6.18647e-6	4.92997e+4	5.04522e-6	8.21661e+4	4.78442e-6	1.15033e+5	4.66818e-6	1.47899e+5	4.60234e-6	1.80765e+5	4.55995e-6
1.62282e+4	6.20607e-6	4.86845e+4	5.05324e-6	8.11408e+4	4.78949e-6	1.13597e+5	4.67190e-6	1.46053e+5	4.60527e-6	1.78510e+5	4.56237e-6
1.60193e+4	6.22649e-6	4.80580e+4	5.06161e-6	8.00966e+4	4.79479e-6	1.12135e+5	4.67578e-6	1.44174e+5	4.60834e-6	1.76212e+5	4.56490e-6
1.58072e+4	6.24771e-6	4.74215e+4	5.07032e-6	7.90358e+4	4.80031e-6	1.10650e+5	4.67982e-6	1.42264e+5	4.61153e-6	1.73879e+5	4.56753e-6
1.55922e+4	6.26973e-6	4.67765e+4	5.07937e-6	7.79609e+4	4.80604e-6	1.09145e+5	4.68403e-6	1.40330e+5	4.61485e-6	1.71514e+5	4.57028e-6
1.53748e+4	6.29253e-6	4.61244e+4	5.08876e-6	7.68740e+4	4.81200e-6	1.07624e+5	4.68839e-6	1.38373e+5	4.61829e-6	1.69123e+5	4.57312e-6
1.51555e+4	6.31612e-6	4.54665e+4	5.09849e-6	7.57775e+4	4.81818e-6	1.06089e+5	4.69292e-6	1.36400e+5	4.62187e-6	1.66711e+5	4.57608e-6
1.49347e+4	6.34047e-6	4.48040e+4	5.10856e-6	7.46734e+4	4.82457e-6	1.04543e+5	4.69761e-6	1.34412e+5	4.62557e-6	1.64281e+5	4.57914e-6
1.47127e+4	6.36559e-6	4.41382e+4	5.11896e-6	7.35636e+4	4.83118e-6	1.02989e+5	4.70246e-6	1.32415e+5	4.62940e-6	1.61840e+5	4.58231e-6
1.44900e+4	6.39146e-6	4.34701e+4	5.12969e-6	7.24502e+4	4.83801e-6	1.01430e+5	4.70747e-6	1.30410e+5	4.63336e-6	1.59390e+5	4.58558e-6
1.42670e+4	6.41808e-6	4.28010e+4	5.14076e-6	7.13349e+4	4.84505e-6	9.98689e+4	4.71264e-6	1.28403e+5	4.63745e-6	1.56937e+5	4.58896e-6
1.40439e+4	6.44543e-6	4.21317e+4	5.15215e-6	7.02195e+4	4.85231e-6	9.83072e+4	4.71797e-6	1.26395e+5	4.64166e-6	1.54483e+5	4.59244e-6
1.38211e+4	6.47350e-6	4.14633e+4	5.16387e-6	6.91054e+4	4.85977e-6	9.67476e+4	4.72346e-6	1.24390e+5	4.64600e-6	1.52032e+5	4.59603e-6
1.35989e+4	6.50229e-6	4.07966e+4	5.17591e-6	6.79943e+4	4.86746e-6	9.51920e+4	4.72911e-6	1.22390e+5	4.65047e-6	1.49587e+5	4.59972e-6
1.33775e+4	6.53179e-6	4.01325e+4	5.18828e-6	6.68875e+4	4.87535e-6	9.36425e+4	4.73491e-6	1.20398e+5	4.65506e-6	1.47153e+5	4.60352e-6
1.31573e+4	6.56198e-6	3.94718e+4	5.20096e-6	6.57863e+4	4.88345e-6	9.21009e+4	4.74087e-6	1.18415e+5	4.65977e-6	1.44730e+5	4.60742e-6
1.29384e+4	6.59286e-6	3.88152e+4	5.21396e-6	6.46920e+4	4.89176e-6	9.05688e+4	4.74699e-6	1.16446e+5	4.66461e-6	1.42322e+5	4.61143e-6
1.27211e+4	6.62442e-6	3.81633e+4	5.22728e-6	6.36056e+4	4.90028e-6	8.90478e+4	4.75326e-6	1.14490e+5	4.66958e-6	1.39932e+5	4.61554e-6
1.25056e+4	6.65665e-6	3.75168e+4	5.24091e-6	6.25281e+4	4.90901e-6	8.75393e+4	4.75969e-6	1.12551e+5	4.67467e-6	1.37562e+5	4.61975e-6
1.22921e+4	6.68953e-6	3.68763e+4	5.25485e-6	6.14604e+4	4.91794e-6	8.60446e+4	4.76627e-6	1.10629e+5	4.67988e-6	1.35213e+5	4.62407e-6
1.20807e+4	6.72307e-6	3.62421e+4	5.26909e-6	6.04035e+4	4.92708e-6	8.45649e+4	4.77300e-6	1.08726e+5	4.68522e-6	1.32888e+5	4.62849e-6
1.18716e+4	6.75724e-6	3.56148e+4	5.28365e-6	5.93580e+4	4.93642e-6	8.31012e+4	4.77989e-6	1.06844e+5	4.69068e-6	1.30588e+5	4.63301e-6
1.16649e+4	6.79204e-6	3.49948e+4	5.29850e-6	5.83247e+4	4.94596e-6	8.16545e+4	4.78693e-6	1.04984e+5	4.69626e-6	1.28314e+5	4.63763e-6
1.14608e+4	6.82747e-6	3.43824e+4	5.31365e-6	5.73040e+4	4.95571e-6	8.02256e+4	4.79413e-6	1.03147e+5	4.70196e-6	1.26069e+5	4.64236e-6
1.12593e+4	6.86350e-6	3.37780e+4	5.32910e-6	5.62967e+4	4.96565e-6	7.88153e+4	4.80147e-6	1.01334e+5	4.70779e-6	1.23853e+5	4.64719e-6
1.10606e+4	6.90013e-6	3.31818e+4	5.34485e-6	5.53030e+4	4.97579e-6	7.74242e+4	4.80897e-6	9.95454e+4	4.71373e-6	1.21667e+5	4.65212e-6
1.08647e+4	6.93736e-6	3.25941e+4	5.36089e-6	5.43235e+4	4.98614e-6	7.60529e+4	4.81661e-6	9.77823e+4	4.71980e-6	1.19512e+5	4.65715e-6
1.06717e+4	6.97516e-6	3.20151e+4	5.37721e-6	5.33584e+4	4.99667e-6	7.47018e+4	4.82440e-6	9.60452e+4	4.72599e-6	1.17389e+5	4.66228e-6
1.04816e+4	7.01354e-6	3.14449e+4	5.39383e-6	5.24082e+4	5.00741e-6	7.33714e+4	4.83235e-6	9.43347e+4	4.73229e-6	1.15298e+5	4.66751e-6
1.02946e+4	7.05248e-6	3.08837e+4	5.41073e-6	5.14729e+4	5.01833e-6	7.20620e+4	4.84044e-6	9.26511e+4	4.73872e-6	1.13240e+5	4.67284e-6
1.01105e+4	7.09198e-6	3.03316e+4	5.42791e-6	5.05527e+4	5.02945e-6	7.07738e+4	4.84867e-6	9.09949e+4	4.74526e-6	1.11216e+5	4.67827e-6
9.92959e+3	7.13202e-6	2.97888e+4	5.44537e-6	4.96479e+4	5.04076e-6	6.95071e+4	4.85706e-6	8.93663e+4	4.75193e-6	1.09225e+5	4.68380e-6
9.75172e+3	7.17259e-6	2.92552e+4	5.46310e-6	4.87586e+4	5.05226e-6	6.82620e+4	4.86558e-6	8.77655e+4	4.75871e-6	1.07269e+5	4.68943e-6
9.57695e+3	7.21369e-6	2.87308e+4	5.48111e-6	4.78847e+4	5.06395e-6	6.70386e+4	4.87426e-6	8.61925e+4	4.76561e-6	1.05346e+5	4.69516e-6
9.40528e+3	7.25531e-6	2.82158e+4	5.49939e-6	4.70264e+4	5.07583e-6	6.58370e+4	4.88307e-6	8.46475e+4	4.77262e-6	1.03458e+5	4.70098e-6
9.23672e+3	7.29744e-6	2.77102e+4	5.51794e-6	4.61836e+4	5.08790e-6	6.46570e+4	4.89203e-6	8.31305e+4	4.77975e-6	1.01604e+5	4.70691e-6
9.07126e+3	7.34006e-6	2.72138e+4	5.53675e-6	4.53563e+4	5.10014e-6	6.34988e+4	4.90113e-6	8.16413e+4	4.78700e-6	9.97838e+4	4.71293e-6