#f1 [rad], e1 [eV], f3 [rad], e3 [eV], f5 [rad], e5 [eV], f7 [rad], e7 [eV], f9 [rad], e9 [eV], f11 [rad], e11 [eV]
18.620345098039216	5.50211703598425e-06	55.861035294117656	4.776184288944056e-06	93.10172549019609	4.617322303978099e-06	130.3424156862745	4.5475400493370064e-06	167.58310588235292	4.50830543072657e-06	204.8237960784314	4.483159173442805e-06
18.5717775187747	5.504776151633069e-06	55.71533255632411	4.777205518145107e-06	92.8588875938735	4.617956147387894e-06	130.0024426314229	4.54799975034847e-06	167.14599766897229	4.508666091384312e-06	204.28955270652173	4.483455916635861e-06
18.520447546905423	5.5076002625352764e-06	55.56134264071628	4.778290414645481e-06	92.60223773452714	4.618629560124489e-06	129.64313282833797	4.548488167614105e-06	166.6840279221488	4.509049289850093e-06	203.72492301595972	4.4837712079015755e-06
18.466403012299313	5.5105891150166084e-06	55.39920903689795	4.779438935089192e-06	92.33201506149658	4.619342524882508e-06	129.2648210860952	4.5490052918843e-06	166.19762711069382	4.509455020378351e-06	203.1304331352925	4.484105043327431e-06
18.409693838993594	5.5137424411710426e-06	55.22908151698079	4.780651033620519e-06	92.04846919496798	4.620095023351161e-06	128.86785687295517	4.549551113370116e-06	165.68724455094235	4.509883276887808e-06	202.5066322289296	4.484457418771993e-06
18.350371934315948	5.517059958979283e-06	55.05111580294786	4.781926661893108e-06	91.75185967157975	4.6208870362165856e-06	128.45260354021164	4.550125621744219e-06	165.15334740884353	4.510334052961937e-06	201.85409127747548	4.484828329865162e-06
18.28849107520005	5.520541372433012e-06	54.86547322560016	4.783265769079551e-06	91.44245537600027	4.621718543164319e-06	128.01943752640037	4.55072880614185e-06	164.59641967680045	4.510807341849431e-06	201.1734018272006	4.485217772008447e-06
18.224106792137555	5.524186371664795e-06	54.67232037641268	4.78466830188144e-06	91.1205339606878	4.6225895228818895e-06	127.56874754496289	4.551360655161849e-06	164.01696112923798	4.511303136464711e-06	200.46517471351316	4.48562574037525e-06
18.15727625120826	5.527994633083496e-06	54.471828753624784	4.786134204539887e-06	90.78638125604131	4.623499953061533e-06	127.10093375845781	4.55202115686773e-06	163.41548626087433	4.5118214293884555e-06	199.73003876329088	4.486052229911162e-06
18.08805813462705	5.531965819515087e-06	54.26417440388116	4.787663418846513e-06	90.44029067313527	4.624449810403033e-06	126.61640694238935	4.552710298788801e-06	162.79252321164344	4.512362212868152e-06	198.9686394808976	4.486497235334278e-06
18.01651252024103	5.536099580348688e-06	54.049537560723095	4.7892558841548974e-06	90.08256260120515	4.62543907061669e-06	126.1155876416872	4.553428067921338e-06	162.14861268216924	4.512925478818676e-06	198.18163772265137	4.48696075113552e-06
17.94270076040249	5.540395551687715e-06	53.828102281207485	4.790911537392476e-06	89.71350380201247	4.626467708426398e-06	125.59890532281744	4.5541744507298085e-06	161.48430684362242	4.513511218822893e-06	197.36970836442745	4.4874427715789824e-06
17.86668536063362	5.54485335650597e-06	53.60005608190087	4.792630313072893e-06	89.33342680316811	4.627535697572857e-06	125.06679752443534	4.5549494331481345e-06	160.80016824570257	4.514119424132285e-06	196.53353896696987	4.487943290702278e-06
17.788529858486957	5.5494726048085346e-06	53.36558957546088	4.7944121433087925e-06	88.9426492924348	4.628643010816895e-06	124.5197090094087	4.555753000581015e-06	160.0967687263826	4.5147500856676005e-06	195.67382844335657	4.488462302316913e-06
17.708298702992014	5.554252893797304e-06	53.12489610897605	4.796256957825054e-06	88.54149351496008	4.6297896199429135e-06	123.9580909209441	4.556585137905292e-06	159.37468832692812	4.515403194019528e-06	194.7912857329122	4.488999800008661e-06
17.62605713506308	5.559193808041004e-06	52.87817140518925	4.798164683972454e-06	88.1302856753154	4.630975495762452e-06	123.38239994544156	4.5574458294713636e-06	158.63451421556772	4.516078739449394e-06	193.8866284856939	4.489555777137963e-06
17.54187106922638	5.564294919649528e-06	52.62561320767915	4.800135246741754e-06	87.70935534613191	4.632200608117865e-06	122.79309748458468	4.558335059104641e-06	157.87683962303743	4.516776711889889e-06	192.96058176149023	4.490130226840334e-06
17.455806977006542	5.569555788452438e-06	52.36742093101964	4.802168568778209e-06	87.27903488503273	4.6334649258861145e-06	122.1906488390458	4.5592528101070635e-06	157.10226279305888	4.517497100945809e-06	192.013876747072	4.490723142026784e-06
17.36793177229305	5.574975962181449e-06	52.103795316879165	4.804264570396492e-06	86.83965886146527	4.634768416982686e-06	121.57552240605136	4.560199065258649e-06	156.31138595063746	4.518239895894824e-06	191.0472494952236	4.4913345153842536e-06
17.278312698987033	5.580554976656738e-06	51.8349380969611	4.806423169596018e-06	86.39156349493517	4.636111048365608e-06	120.94818889290923	4.5611738068190975e-06	155.50481429088327	4.5190050856882735e-06	190.0614396888574	4.491964339376061e-06
17.187017221207668	5.586292355976906e-06	51.56105166362301	4.808644282076672e-06	85.93508610603834	4.637492786039586e-06	120.30912054845368	4.562177016529437e-06	154.683154990869	4.519792658951982e-06	189.05718943328438	4.492612606242366e-06
17.09411291631584	5.59218761271241e-06	51.282338748947524	4.810927821254931e-06	85.4705645815792	4.638913595060252e-06	119.65879041421087	4.563208675613719e-06	153.84701624684254	4.5206026039870955e-06	188.03524207947427	4.4932793080006435e-06
16.999667370990522	5.598240248102314e-06	50.99900211297158	4.813273698280366e-06	84.99833685495263	4.640373439538518e-06	118.99767159693367	4.564268764780755e-06	152.9970063389147	4.5214349087709444e-06	186.9963410808958	4.493964436446174e-06
16.903748080571155	5.604449752254148e-06	50.71124424171347	4.815681822052532e-06	84.51874040285578	4.641872282645045e-06	118.32623656399808	4.565357264225904e-06	152.1337327251404	4.52228956095793e-06	185.94122888628274	4.494667983152539e-06
16.806422351856583	5.610815604346743e-06	50.419267055569755	4.818152099238217e-06	84.03211175928291	4.643410086614813e-06	117.64495646299608	4.566474153632896e-06	151.25780116670924	4.523166547880428e-06	184.87064587042244	4.495389939472143e-06
16.707757209529106	5.617337272835826e-06	50.12327162858733	4.820684434289065e-06	83.53878604764554	4.644986812751801e-06	116.95430046670376	4.567619412175711e-06	150.36981488576197	4.524065856549721e-06	183.78532930482024	4.496130296536736e-06
16.60781930634962	5.624014215662223e-06	49.82345791904886	4.8232787294595495e-06	83.0390965317481	4.646602421433768e-06	116.25473514444732	4.5687930185204866e-06	149.47037375714655	4.524987473656951e-06	182.68601236984583	4.496889045257953e-06
16.50667483724823	5.630845880462483e-06	49.5200245117447	4.8259348848252995e-06	82.53337418624116	4.648256872117145e-06	115.54672386073761	4.569994950827491e-06	148.56007353523407	4.525931385574089e-06	181.57342320973058	4.49766617632787e-06
16.404389457413313	5.6378317047817465e-06	49.21316837223994	4.828652798301761e-06	82.02194728706657	4.649950123342018e-06	114.83072620189319	4.571225186753114e-06	147.63950511671982	4.526897578354939e-06	180.44828403154648	4.498461680219566e-06
16.30102820446104	5.644971116288692e-06	48.90308461338313	4.831432365663196e-06	81.50514102230521	4.6516821327372234e-06	114.10719743122729	4.572483703451919e-06	146.70925384014936	4.527886037736148e-06	179.31131024907148	4.499275547187707e-06
16.196655424747426	5.6522635329923655e-06	48.589966274242286	4.834273480562009e-06	80.98327712373714	4.65345285702553e-06	113.37658797323199	4.573770477578731e-06	145.76989882272684	4.5288967491382535e-06	178.16320967222174	4.500107767269129e-06
16.0913347038654	5.659708363460745e-06	48.27400411159621	4.837176034548378e-06	80.45667351932701	4.655262252028934e-06	112.63934292705781	4.575085485290763e-06	144.8220123347886	4.529929697666737e-06	177.00468174251944	4.500958330283447e-06
15.985128801351054	5.667305007040828e-06	47.95538640405317	4.840139917090209e-06	79.92564400675528	4.657110272674034e-06	111.89590160945738	4.576428702249793e-06	143.8661592121595	4.530984868113114e-06	175.83641681486165	4.50182722583367e-06
15.878099589605332	5.675052854080127e-06	47.634298768816	4.843165015593384e-06	79.39049794802666	4.658996872997513e-06	111.14669712723733	4.57780010362437e-06	142.90289630644799	4.53206224495603e-06	174.6590954856587	4.502714443306828e-06
15.770307997021035	5.682951286149333e-06	47.31092399106311	4.8462512154222995e-06	78.85153998510519	4.66092200615171e-06	110.39215597914725	4.579199664092068e-06	141.93277197318932	4.533161812362395e-06	173.47338796723142	4.503619971874609e-06
15.661813955289045	5.690999676266035e-06	46.985441865867145	4.849398399920693e-06	78.30906977644524	4.6628856244102776e-06	109.63269768702332	4.580627357841783e-06	140.9563255976014	4.534283554188518e-06	172.27995350817955	4.5045438004940196e-06
15.552676350843251	5.699197389119303e-06	46.65802905252976	4.852606450432739e-06	77.76338175421627	4.664887679173943e-06	108.86873445590277	4.582083158576057e-06	139.97408715758925	4.535427453981283e-06	171.07943985927582	4.505485917908041e-06
15.442952980389927	5.707543781294966e-06	46.32885894116979	4.8558752463244235e-06	77.21476490194964	4.666928120976342e-06	108.10067086272949	4.583567039513454e-06	138.98657682350932	4.536593494979329e-06	169.87248278428922	4.506446312646311e-06
15.332700510454881	5.716038201501439e-06	45.998101531364654	4.859204665005163e-06	76.66350255227442	4.669006899489951e-06	107.32890357318418	4.585078973390968e-06	137.99430459409393	4.537781660114259e-06	168.65970561500373	4.507424973025809e-06
15.221974440870165	5.72467999079592e-06	45.6659233226105	4.862594581949681e-06	76.10987220435084	4.6711239635321e-06	106.55382108609116	4.586618932466473e-06	136.9977699678315	4.538991932011865e-06	167.44171884957186	4.508421887151556e-06
15.11082907211187	5.733468482810815e-06	45.332487216335615	4.866044870720126e-06	75.55414536055936	4.673279261071073e-06	105.77580350478308	4.5881868885212e-06	135.99746164900682	4.540224292993378e-06	166.2191197932306	4.509437042917331e-06
14.999317476391072	5.742403003980226e-06	44.997952429173225	4.869555402988419e-06	74.99658738195537	4.6754727392322825e-06	104.9952223347375	4.589782812862268e-06	134.99385728751963	4.541478725076731e-06	164.99249224030183	4.510470428006385e-06
14.887491472391897	5.751482873766355e-06	44.6624744171757	4.873126048558827e-06	74.43745736195949	4.677704344304538e-06	104.21244030674328	4.591406676325237e-06	133.98742325152708	4.542755209977846e-06	163.7624061963109	4.511522029892187e-06
14.775401603543227	5.760707404885677e-06	44.32620481062969	4.876756675390748e-06	73.87700801771615	4.679974021746375e-06	103.4278112248026	4.593058449276702e-06	132.97861443188904	4.544053729111935e-06	162.52941763897553	4.5125918358391605e-06
14.6630971197045	5.770075903534724e-06	43.98929135911351	4.880447149621712e-06	73.31548559852251	4.682281716192482e-06	102.6416798379315	4.594738101616924e-06	131.9678740773405	4.545374263594829e-06	161.29406831674953	4.513679832903446e-06
14.550625962140552	5.779587669615354e-06	43.651877886421666	4.884197335590562e-06	72.75312981070276	4.684627371460186e-06	101.85438173498386	4.596445602782497e-06	130.95563365926495	4.546716794244317e-06	160.0568855835461	4.514786007933668e-06
14.43803475165622	5.789241996959362e-06	43.31410425496867	4.888007095860849e-06	72.1901737582811	4.68701093055602e-06	101.06624326159354	4.598180921749041e-06	129.94231276490598	4.548081301581508e-06	158.81838226821847	4.515910347571714e-06
14.325368779757815	5.799038173552284e-06	42.97610633927345	4.89187629124438e-06	71.62684389878908	4.689432335682362e-06	100.2775814583047	4.599944027033942e-06	128.92831901782031	4.549467765832207e-06	157.579056577336	4.517052838253527e-06
14.212672002705881	5.80897548175628e-06	42.63801600811765	4.895804780824961e-06	71.06336001352942	4.691891528244139e-06	99.48870401894118	4.601734886699109e-06	127.91404802435294	4.5508761669283185e-06	156.33939202976472	4.518213466209904e-06
14.099987038321801	5.819053198531958e-06	42.29996111496541	4.8997924219822825e-06	70.49993519160901	4.6943884488556125e-06	98.69990926825261	4.603553468353783e-06	126.89988334489621	4.552306484509254e-06	155.09985742153984	4.519392217467311e-06
13.987355165409612	5.829270595659015e-06	41.962065496228846	4.9038390704159804e-06	69.93677582704807	4.696923037347213e-06	97.91148615786729	4.605399739157361e-06	125.88619648868651	4.553758697923372e-06	153.86090681950577	4.520589077848703e-06
13.874816325653912	5.839626939955582e-06	41.624448976961745	4.907944580169823e-06	69.37408162826956	4.699495232772453e-06	97.12371427957738	4.60727366582226e-06	124.8733469308852	4.555232786229421e-06	152.62297958219307	4.52180403297436e-06
13.762409127854925	5.850121493496148e-06	41.28722738356478	4.912108803656043e-06	68.81204563927463	4.702104973414898e-06	96.33686389498448	4.6091752146168136e-06	123.86168215069432	4.556728728198012e-06	151.3865004064042	4.523037068262728e-06
13.650170854362461	5.860753513827946e-06	40.95051256308739	4.916331591679804e-06	68.25085427181232	4.704752196795207e-06	95.55119598053723	4.611104351368191e-06	122.85153768926214	4.558246502313102e-06	150.1518793979871	4.524288168931276e-06
13.538137469571973	5.871522254185708e-06	40.61441240871592	4.920612793463772e-06	67.69068734785986	4.707436839678214e-06	94.7669622870038	4.613061041465356e-06	121.84323722614775	4.559786086773492e-06	148.91951216529174	4.525557319997354e-06
13.426343630347414	5.8824269637046775e-06	40.27903089104225	4.924952256672811e-06	67.13171815173708	4.710158838080089e-06	93.9844054124319	4.615045249862049e-06	120.83709267312672	4.561347459494348e-06	147.6897799338216	4.526844506279079e-06
13.314822698238148	5.893466887631765e-06	39.94446809471445	4.929349827438776e-06	66.57411349119074	4.712918127275543e-06	93.20375888766704	4.6170569410798e-06	119.83340428414333	4.5629305981087304e-06	146.46304968061966	4.528149712396204e-06
13.203606753359473	5.9046412675347735e-06	39.61082026007843	4.933805350385395e-06	66.01803376679737	4.715714641805093e-06	92.42524727351632	4.619096079210964e-06	118.83246078023525	4.5645354799691486e-06	145.23967428695423	4.529472922771024e-06
13.09272660980956	5.915949341509584e-06	39.27817982942869	4.938318668653252e-06	65.46363304904781	4.718548315482373e-06	91.64908626866692	4.621162627921798e-06	117.83453948828604	4.566162082149123e-06	144.0199927079052	4.530814121629274e-06
12.982211832498681	5.927390344385217e-06	38.946635497496054	4.942889623924825e-06	64.91105916249342	4.721419081401504e-06	90.87548282749077	4.623256550455551e-06	116.83990649248814	4.567810381444765e-06	142.80433015748554	4.5321732930010435e-06
12.872090755270298	5.938963507926691e-06	38.6162722658109	4.947518056449614e-06	64.36045377635149	4.724326871944509e-06	90.10463528689209	4.625377809635585e-06	115.84881679743268	4.569480354376377e-06	141.5929983079733	4.5335504207217e-06
12.762390500197258	5.950668061035597e-06	38.28717150059178	4.95220380506932e-06	63.811952500986294	4.727271618788774e-06	89.3367335013808	4.627526367868524e-06	114.86151450177532	4.5711719771900605e-06	140.38629550216987	4.534945488432821e-06
12.653136997940425	5.962503229948288e-06	37.95941099382128	4.956946707243071e-06	63.26568498970213	4.730253252914558e-06	88.57195898558298	4.629702187147429e-06	113.87823298146382	4.572885225859342e-06	139.1845069773447	4.536358479583134e-06
12.544355009061048	5.974468238431669e-06	37.63306502718315	4.96174659907271e-06	62.72177504530524	4.733271704612547e-06	87.81048506342734	4.631905229054992e-06	112.89919508154942	4.574620076086815e-06	137.98790509967156	4.537789377429468e-06
12.436068146182576	5.986562307976443e-06	37.30820443854773	4.966603315328101e-06	62.18034073091289	4.736326903491444e-06	87.05247702327804	4.63413545476676e-06	111.92461331564319	4.576376503305794e-06	136.79674960800838	4.5392381650377115e-06
12.328298896901888	5.998784657987822e-06	36.98489669070567	4.9715166894724754e-06	61.641494484509444	4.739418778485608e-06	86.2980922783132	4.636392825054379e-06	110.95469007211699	4.578154482681981e-06	135.6112878659208	4.540704825283787e-06
12.221068647354272	6.0111345059735865e-06	36.663205942062824	4.976486553687796e-06	61.10534323677137	4.7425472578627265e-06	85.5474805314799	4.638677300288865e-06	109.98961782618845	4.579953989115154e-06	134.43175512089704	4.5421893408546175e-06
12.114397706341055	6.023611067729469e-06	36.34319311902318	4.981512738900135e-06	60.57198853170529	4.745712269231521e-06	84.80078394438739	4.640988840443889e-06	109.0295793570695	4.581774997240855e-06	133.25837476975164	4.543691694249122e-06
12.00830532993312	6.036213557521802e-06	36.02491598979937	4.986595074805052e-06	60.041526649665606	4.748913739549499e-06	84.05813730953184	4.643327405099095e-06	108.07474796939808	4.583617481432106e-06	132.09135862926436	4.5452118677792035e-06
11.90280974646803	6.048941188267368e-06	35.7084292394041	4.991733389892983e-06	59.51404873234015	4.752151595130725e-06	83.3196682252762	4.645692953443429e-06	107.12528771821226	4.585481415801126e-06	130.93090721114834	4.546749843570754e-06
11.79792818186296	6.061793171710438e-06	35.39378454558889	4.996927511474603e-06	58.989640909314815	4.755425761653636e-06	82.58549727304073	4.648085444278496e-06	106.18135363676664	4.58736677420107e-06	129.7772100004926	4.548305603564668e-06
11.693676885169905	6.07476871859691e-06	35.08103065550972	5.002177265706189e-06	58.468384425849536	4.7587361641688765e-06	81.85573819618934	4.650504836021931e-06	105.24309196652915	4.589273530227773e-06	128.63044573686898	4.549879129517854e-06
11.590071154304004	6.08786703884556e-06	34.770213462912025	5.007482477614947e-06	57.95035577152003	4.762082727107168e-06	81.13049808012804	4.652951086710796e-06	104.31064038873605	4.591201657221515e-06	127.49078269734409	4.551470403004269e-06
11.487125361880043	6.101087341716332e-06	34.46137608564013	5.012842971124312e-06	57.43562680940022	4.765465374287201e-06	80.4098775331603	4.655424154004986e-06	103.38412825692038	4.593151128268785e-06	126.3583789806805	4.5530794054159485e-06
11.384852981096339	6.114428835975664e-06	34.154558943289025	5.018258569079208e-06	56.9242649054817	4.768884028923554e-06	79.69397086767438	4.657923995190664e-06	102.46367682986705	4.595121916204071e-06	125.23338279205976	4.554706117964051e-06
11.283266611609221	6.1278907300588005e-06	33.84979983482767	5.023729093271272e-06	56.416333058046106	4.772338613634632e-06	78.98286628126455	4.6604505671837075e-06	101.54939950448298	4.597113993611652e-06	124.11593272770145	4.55635052167991e-06
11.1823780053453	6.1414722322290805e-06	33.547134016035905	5.029254364464009e-06	55.9118900267265	4.775829050450631e-06	78.27664603741711	4.663003826533169e-06	100.6414020481077	4.599127332827402e-06	123.00615805879832	4.558012597416084e-06
11.082198092202484	6.155172550734181e-06	33.24659427660745	5.034834202417908e-06	55.410990461012425	4.779355260821516e-06	77.57538664541738	4.665583729424763e-06	99.73978282982235	4.6011619059406134e-06	121.90417901422734	4.559692325847432e-06
10.982737005594425	6.168990893959286e-06	32.94821101678328	5.040468425915479e-06	54.913685027972136	4.782917165625025e-06	76.87915903916098	4.668190231684355e-06	98.84463305034983	4.603217684795817e-06	120.8101070615387	4.561389687472176e-06
10.88400410779661	6.182926470577185e-06	32.65201232338983	5.046156852786223e-06	54.42002053898305	4.786514685174675e-06	76.18802875457627	4.67082328878148e-06	97.95603697016948	4.605294640994622e-06	119.72404518576273	4.563104662612986e-06
10.786008015055739	6.196978489695275e-06	32.35802404516723	5.051899299931526e-06	53.930040075278704	4.790147739227798e-06	75.50205610539018	4.673482855832865e-06	97.07407213550165	4.60739274589757e-06	118.64608816561315	4.564837231418065e-06
10.688756622427373	6.21114616099945e-06	32.066269867282124	5.05769558334947e-06	53.44378311213687	4.793816246993584e-06	74.82129635699161	4.676168887605968e-06	96.19880960184635	4.609511970625985e-06	117.57632284670113	4.566587373862239e-06
10.592257128309862	6.225428694894906e-06	31.776771384929592	5.063545518159546e-06	52.96128564154932	4.797520127141123e-06	74.14579989816905	4.678881338522534e-06	95.33031415478877	4.6116522860638444e-06	116.51482841140852	4.568355069748061e-06
10.496516058645721	6.239825302643815e-06	31.48954817593717	5.069448918627283e-06	52.482580293228615	4.801259297807483e-06	73.47561241052006	4.681620162662159e-06	94.46864452781149	4.613813662859657e-06	115.46167664510295	4.570140298706913e-06
10.40153929076438	6.254335196499901e-06	31.20461787229314	5.075405598188762e-06	52.0076964538219	4.805033676605763e-06	72.81077503535066	4.6843853137658685e-06	93.61385361687941	4.615996071428348e-06	114.41693219840819	4.5719430402001205e-06
10.307332076843023	6.268957589839905e-06	30.921996230529075	5.081415369475036e-06	51.536660384215125	4.808843180633183e-06	72.15132453790116	4.687176745239709e-06	92.76598869158721	4.618199481953154e-06	113.38065284527329	4.573763273520071e-06
10.213899066964803	6.283691697291938e-06	30.641697200894413	5.087478044336429e-06	51.06949533482402	4.812687726479158e-06	71.49729346875363	4.689994410158345e-06	91.92509160268322	4.620423864387524e-06	112.35288973661285	4.575600977791339e-06
10.121244331756136	6.298536734860751e-06	30.363732995268414	5.093593433866715e-06	50.60622165878068	4.816567230233382e-06	70.84871032229294	4.692838261268675e-06	91.09119898580522	4.622669188457037e-06	111.33368764931751	4.577456131971818e-06
10.029371384587211	6.313491920049905e-06	30.08811415376164	5.0997613484271806e-06	50.14685692293606	4.820481607493912e-06	70.20559969211048	4.695708250993446e-06	90.2643424612849	4.624935423661316e-06	110.32308523045936	4.579328714853853e-06
9.9382832033219	6.328556471980868e-06	29.81484960996571	5.105981597670551e-06	49.69141601660951	4.824430773375258e-06	69.56798242325331	4.6986043314348895e-06	89.4445488298971	4.6272225392759575e-06	109.32111523654093	4.581218705065388e-06
9.847982251605398	6.343729611509056e-06	29.5439467548162	5.112253990564789e-06	49.23991125802699	4.828414642516462e-06	68.93587576123778	4.70152645437836e-06	88.63184026444858	4.629530504354469e-06	108.3278047676594	4.583126081071114e-06
9.758470499679824	6.3590105613368134e-06	29.27541149903948	5.118578335416751e-06	48.792352498399126	4.832433129089178e-06	68.30929349775877	4.704474571295975e-06	87.82623449711842	4.631859287730207e-06	107.34317549647808	4.585050821173614e-06
9.669749444719859	6.374398546123378e-06	29.00924833415958	5.124954439895696e-06	48.3487472235993	4.836486146805754e-06	67.68824611303901	4.707448633350279e-06	87.02774500247872	4.634208858018329e-06	106.36724389191846	4.586992903514537e-06
9.581820130682129	6.389892792591825e-06	28.745460392046393	5.131382111056661e-06	47.909100653410654	4.8405736089272926e-06	67.07274091477491	4.710448591397896e-06	86.23638117613916	4.636579183617751e-06	105.40002143750344	4.588952306075746e-06
9.494683167663672	6.405492529633023e-06	28.48404950299102	5.137861155363662e-06	47.47341583831836	4.844695428271719e-06	66.4627821736457	4.713474395993204e-06	85.45214850897304	4.638970232713105e-06	104.4415148443004	4.5909290066805e-06
9.408338750766239	6.42119698840663e-06	28.225016252298726	5.1443913787127555e-06	47.041693753831204	4.848851517221833e-06	65.85837125536368	4.716525997392003e-06	84.67504875689616	4.6413819732767145e-06	103.49172625842866	4.592922982994622e-06
9.322786678464647	6.437005402439141e-06	27.968360035393946	5.150972586454934e-06	46.61393339232324	4.8530417877333535e-06	65.25950674925254	4.719603345555198e-06	83.90508010618183	4.643814373070563e-06	102.55065346311115	4.594934212527677e-06
9.23802637047849	6.452917007719022e-06	27.714079111435478	5.157604583418851e-06	46.190131852392454	4.857266151342943e-06	64.66618459334943	4.72270639015248e-06	83.14223733430642	4.646267399648279e-06	101.61829007526342	4.596962672634157e-06
9.154056885147853	6.46893104278895e-06	27.46217065544356	5.164287173933383e-06	45.77028442573926	4.861524519176233e-06	64.07839819603497	4.725835080566012e-06	82.38651196633067	4.6487410203571195e-06	100.69462573662639	4.5990083405146705e-06
9.070876936314596	6.4850467488352045e-06	27.212630808943793	5.171020161850014e-06	45.35438468157299	4.865816801955825e-06	63.496138554202176	4.728989365894126e-06	81.63789242683136	4.651235202339961e-06	99.77964629946058	4.601071193217135e-06