#f1 [m], e1 [eV], f3 [m], e3 [eV], f5 [m], e5 [eV], f7 [m], e7 [eV], f9 [m], e9 [eV], f11 [m], e11 [eV]
18.620345098039216	4.5668370351150845e-06	55.861035294117656	4.013868169690566e-06	93.10172549019609	3.924466166310559e-06	130.3424156862745	3.8871790401480665e-06	167.58310588235292	3.873724372283117e-06	204.8237960784314	3.866405231890339e-06
18.5717775187747	4.569021835252838e-06	55.71533255632411	4.01480874821765e-06	92.8588875938735	3.92519175675653e-06	130.0024426314229	3.887813628329936e-06	167.14599766897229	3.874325923074414e-06	204.28955270652173	3.8669887655769076e-06
18.520447546905423	4.57134221154885e-06	55.56134264071628	4.015807944849623e-06	92.60223773452714	3.925962606243563e-06	129.64313282833797	3.888487814280146e-06	166.6840279221488	3.8749650153734644e-06	203.72492301595972	3.867608719152018e-06
18.466403012299313	4.573797957661891e-06	55.39920903689795	4.016865715842671e-06	92.33201506149658	3.926778688117818e-06	129.2648210860952	3.889201577406097e-06	166.19762711069382	3.875641630608511e-06	203.1304331352925	3.868265075104999e-06
18.409693838993594	4.576388855668681e-06	55.22908151698079	4.017982014936061e-06	92.04846919496798	3.92763997418425e-06	128.86785687295517	3.889954895921886e-06	165.68724455094235	3.876355749130748e-06	202.5066322289296	3.868957814909221e-06
18.350371934315948	4.579114676159305e-06	55.05111580294786	4.019156793362205e-06	91.75185967157975	3.928546434711447e-06	128.45260354021164	3.890747746851612e-06	165.15334740884353	3.877107350217153e-06	201.85409127747548	3.869686919024697e-06
18.28849107520005	4.5819751783373096e-06	54.86547322560016	4.020389999857225e-06	91.44245537600027	3.929498038436742e-06	128.01943752640037	3.891580106032872e-06	164.59641967680045	3.877896412073486e-06	201.1734018272006	3.870452366900831e-06
18.224106792137555	4.584970110124335e-06	54.67232037641268	4.0216815806720585e-06	91.1205339606878	3.930494752571565e-06	127.56874754496289	3.892451948120416e-06	164.01696112923798	3.87872291183743e-06	200.46517471351316	3.871254136979296e-06
18.15727625120826	4.588099208269207e-06	54.471828753624784	4.023031479584065e-06	90.78638125604131	3.93153654280705e-06	127.10093375845781	3.8933632465899844e-06	163.41548626087433	3.879586825581884e-06	199.73003876329088	3.872092206697053e-06
18.08805813462705	4.591362198461382e-06	54.26417440388116	4.0244396379091455e-06	90.44029067313527	3.932623373319905e-06	126.61640694238935	3.894313973742316e-06	162.79252321164344	3.880488128318404e-06	198.9686394808976	3.872966552489508e-06
18.01651252024103	4.594758795448613e-06	54.049537560723095	4.025905994514371e-06	90.08256260120515	3.933755206778514e-06	126.1155876416872	3.895304100707325e-06	162.14861268216924	3.8814267940007964e-06	198.18163772265137	3.873877149793802e-06
17.94270076040249	4.598288703158741e-06	53.828102281207485	4.027430485831098e-06	89.71350380201247	3.934932004349289e-06	125.59890532281744	3.896333597448455e-06	161.48430684362242	3.882402795528847e-06	197.36970836442745	3.874823973052236e-06
17.86668536063362	4.6019516148254795e-06	53.60005608190087	4.029013045868577e-06	89.33342680316811	3.936153725703275e-06	125.06679752443534	3.8974024327671904e-06	160.80016824570257	3.883416104752203e-06	196.53353896696987	3.875806995715828e-06
17.788529858486957	4.605747213118087e-06	53.36558957546088	4.030653606228048e-06	88.9426492924348	3.937420329022982e-06	124.5197090094087	3.898510574307743e-06	160.0967687263826	3.884466692474402e-06	195.67382844335657	3.876826190248005e-06
17.708298702992014	4.609675170274783e-06	53.12489610897605	4.03235209611731e-06	88.54149351496008	3.938731771009462e-06	123.9580909209441	3.899657988561899e-06	159.37468832692812	3.88555452845703e-06	194.7912857329122	3.877881528128423e-06
17.62605713506308	4.613735148239799e-06	52.87817140518925	4.034108442365756e-06	88.1302856753154	3.940088006889621e-06	123.38239994544156	3.900844640874033e-06	158.63451421556772	3.886679581424036e-06	193.8866284856939	3.878972979856923e-06
17.54187106922638	4.617926798803921e-06	52.62561320767915	4.0359225694398775e-06	87.70935534613191	3.941488990423763e-06	122.79309748458468	3.902070495446279e-06	157.87683962303743	3.887841819066174e-06	192.96058176149023	3.880100514957599e-06
17.455806977006542	4.622249763748405e-06	52.36742093101964	4.037794399459216e-06	87.27903488503273	3.9429346739133606e-06	122.1906488390458	3.9033355153438655e-06	157.10226279305888	3.88904120804559e-06	192.013876747072	3.881264101983015e-06
17.36793177229305	4.626703674992119e-06	52.103795316879165	4.039723852212765e-06	86.83965886146527	3.944425008209054e-06	121.57552240605136	3.904639662500603e-06	156.31138595063746	3.890277714000545e-06	191.0472494952236	3.8824637085185355e-06
17.278312698987033	4.631288154741791e-06	51.8349380969611	4.041710845175812e-06	86.39156349493517	3.945959942718875e-06	120.94818889290923	3.905982897724536e-06	155.50481429088327	3.891551301550267e-06	190.0614396888574	3.8836993011867755e-06
17.187017221207668	4.6360028156452095e-06	51.56105166362301	4.043755293527209e-06	85.93508610603834	3.947539425416687e-06	120.30912054845368	3.907365180703742e-06	154.683154990869	3.892861934299946e-06	189.05718943328438	3.8849708456521875e-06
17.09411291631584	4.640847260947254e-06	51.282338748947524	4.045857110167064e-06	85.4705645815792	3.9491634028508465e-06	119.65879041421087	3.908786470012283e-06	153.84701624684254	3.894209574845855e-06	188.03524207947427	3.886278306625758e-06
16.999667370990522	4.6458210846486115e-06	50.99900211297158	4.048016205734847e-06	84.99833685495263	3.950831820153076e-06	118.99767159693367	3.9102467231163125e-06	152.9970063389147	3.895594184780599e-06	186.9963410808958	3.887621647869831e-06
16.903748080571155	4.650923871667026e-06	50.71124424171347	4.05023248862791e-06	84.51874040285578	3.952544621047543e-06	118.32623656399808	3.911745896380325e-06	152.1337327251404	3.8970157246985e-06	185.94122888628274	3.889000832203046e-06
16.806422351856583	4.656155198000971e-06	50.419267055569755	4.052505865020385e-06	84.03211175928291	3.954301747860155e-06	117.64495646299608	3.913283945073555e-06	151.25780116670924	3.898474154201103e-06	184.87064587042244	3.8904158215053955e-06
16.707757209529106	4.661514630895559e-06	50.12327162858733	4.0548362388824915e-06	83.53878604764554	3.956103141528049e-06	116.95430046670376	3.914860823376517e-06	150.36981488576197	3.899969431902806e-06	183.78532930482024	3.8918665767233965e-06
16.60781930634962	4.667001729010596e-06	49.82345791904886	4.05722351200021e-06	83.0390965317481	3.957948741609287e-06	116.25473514444732	3.916476484387688e-06	149.47037375714655	3.901501515436624e-06	182.68601236984583	3.893353057875377e-06
16.50667483724823	4.672616042590603e-06	49.5200245117447	4.059667583995324e-06	82.53337418624116	3.959838486292741e-06	115.54672386073761	3.918130880130335e-06	148.56007353523407	3.9030703614600536e-06	181.57342320973058	3.8948752240568745e-06
16.404389457413313	4.678357113636676e-06	49.21316837223994	4.062168352345832e-06	82.02194728706657	3.9617723124081795e-06	114.83072620189319	3.919823961559467e-06	147.63950511671982	3.904675925661082e-06	180.44828403154648	3.896433033446142e-06
16.30102820446104	4.684224476080043e-06	48.90308461338313	4.064725712406704e-06	81.50514102230521	3.963750155436532e-06	114.10719743122729	3.921555678568938e-06	146.70925384014936	3.9063181627642946e-06	179.31131024907148	3.898026443309766e-06
16.196655424747426	4.69021765595718e-06	48.589966274242286	4.067339557430978e-06	80.98327712373714	3.965771949520348e-06	113.37658797323199	3.923325979998664e-06	145.76989882272684	3.907997026537107e-06	178.16320967222174	3.899655410008395e-06
16.0913347038654	4.696336171586337e-06	48.27400411159621	4.070009778591199e-06	80.45667351932701	3.9678376274744305e-06	112.63934292705781	3.925134813641992e-06	144.8220123347886	3.90971246979611e-06	177.00468174251944	3.901319889002564e-06
15.985128801351054	4.702579533745347e-06	47.95538640405317	4.072736265001165e-06	79.92564400675528	3.969947120796653e-06	111.89590160945738	3.926982126253177e-06	143.8661592121595	3.911464444413523e-06	175.83641681486165	3.903019834858629e-06
15.878099589605332	4.708947245850567e-06	47.634298768816	4.075518903738003e-06	79.39049794802666	3.972100359678939e-06	111.14669712723733	3.92886786355499e-06	142.90289630644799	3.913252901323765e-06	174.6590954856587	3.904755201254806e-06
15.770307997021035	4.715438804136823e-06	47.31092399106311	4.078357579864533e-06	78.85153998510519	3.974297273018426e-06	110.39215597914725	3.930791970246463e-06	141.93277197318932	3.91507779053012e-06	173.47338796723142	3.9065259409873e-06
15.661813955289045	4.722053697838223e-06	46.985441865867145	4.081252176451937e-06	78.30906977644524	3.976537788428779e-06	109.63269768702332	3.932754390010729e-06	140.9563255976014	3.916939061111523e-06	172.27995350817955	3.9083320059765446e-06
15.552676350843251	4.728791409369692e-06	46.65802905252976	4.084202574602706e-06	77.76338175421627	3.97882183225168e-06	108.86873445590277	3.934755065523003e-06	139.97408715758925	3.91883666122944e-06	171.07943985927582	3.910173347273524e-06
15.442952980389927	4.735651414509117e-06	46.32885894116979	4.087208653473857e-06	77.21476490194964	3.9811493295684595e-06	108.10067086272949	3.936793938458664e-06	138.98657682350932	3.920770538134853e-06	169.87248278428922	3.9120499150662065e-06
15.332700510454881	4.742633182579953e-06	45.998101531364654	4.0902702903004215e-06	76.66350255227442	3.9835202042118955e-06	107.32890357318418	3.938870949501457e-06	137.99430459409393	3.922740638175342e-06	168.65970561500373	3.913961658686051e-06
15.221974440870165	4.7497361766341655e-06	45.6659233226105	4.093387360419183e-06	76.10987220435084	3.985934378778154e-06	106.55382108609116	3.9409860383517995e-06	136.9977699678315	3.92474690680227e-06	167.44171884957186	3.915908526614619e-06
15.11082907211187	4.7569598536353945e-06	45.332487216335615	4.096559737292654e-06	75.55414536055936	3.988391774638871e-06	105.77580350478308	3.943139143735204e-06	135.99746164900682	3.926789288578056e-06	166.2191197932306	3.917890466490273e-06
14.999317476391072	4.764303664642195e-06	44.997952429173225	4.099787292533297e-06	74.99658738195537	3.990892311953385e-06	104.9952223347375	3.945330203410795e-06	134.99385728751963	3.928867727183545e-06	164.99249224030183	3.919907425114953e-06
14.887491472391897	4.7717670549912495e-06	44.6624744171757	4.103069895927957e-06	74.43745736195949	3.993435909681094e-06	104.21244030674328	3.947559154179934e-06	133.98742325152708	3.9309821654254694e-06	163.7624061963109	3.9219593484610445e-06
14.775401603543227	4.779349464480425e-06	44.32620481062969	4.106407415462513e-06	73.87700801771615	3.9960224855939595e-06	103.4278112248026	3.9498259318949505e-06	132.97861443188904	3.933132545243993e-06	162.52941763897553	3.924046181678332e-06
14.6630971197045	4.787050327551552e-06	43.98929135911351	4.1097997173467335e-06	73.31548559852251	3.998651956289118e-06	102.6416798379315	3.952130471467954e-06	131.9678740773405	3.935318807720354e-06	161.29406831674953	3.926167869101025e-06
14.550625962140552	4.794869073472827e-06	43.651877886421666	4.113246666039319e-06	72.75312981070276	4.001324237201639e-06	101.85438173498386	3.954472706879754e-06	130.95563365926495	3.937540893084575e-06	160.0568855835461	3.92832435425487e-06
14.43803475165622	4.8028051265207035e-06	43.31410425496867	4.116748124273133e-06	72.1901737582811	4.00403924261738e-06	101.06624326159354	3.956852571188866e-06	129.94231276490598	3.939798740723271e-06	158.81838226821847	3.930515579864336e-06
14.325368779757815	4.810857906161186e-06	42.97610633927345	4.120303953080605e-06	71.62684389878908	4.00679688568598e-06	100.2775814583047	3.959269996540608e-06	128.92831901782031	3.942092289187526e-06	157.579056577336	3.932741487859873e-06
14.212672002705881	4.819026827230396e-06	42.63801600811765	4.12391401181929e-06	71.06336001352942	4.0095970784339395e-06	99.48870401894118	3.961724914176283e-06	127.91404802435294	3.944421476200849e-06	156.33939202976472	3.935002019385247e-06
14.099987038321801	4.827311300114337e-06	42.29996111496541	4.127578158197587e-06	70.49993519160901	4.012439731777826e-06	98.69990926825261	3.964217254442441e-06	126.89988334489621	3.946786238667214e-06	155.09985742153984	3.937297114804942e-06
13.987355165409612	4.835710730927722e-06	41.962065496228846	4.1312962483006e-06	69.93677582704807	4.015324755537572e-06	97.91148615786729	3.966746946800228e-06	125.88619648868651	3.949186512679159e-06	153.86090681950577	3.939626713711637e-06
13.874816325653912	4.844224521691798e-06	41.624448976961745	4.135068136616125e-06	69.37408162826956	4.01825205844987e-06	97.12371427957738	3.969313919834808e-06	124.8733469308852	3.951622233525965e-06	152.62297958219307	3.941990754933738e-06
13.762409127854925	4.852852070511049e-06	41.28722738356478	4.138893676060765e-06	68.81204563927463	4.0212215481816695e-06	96.33686389498448	3.971918101264865e-06	123.86168215069432	3.954093335701897e-06	151.3865004064042	3.944389176542983e-06
13.650170854362461	4.861592771748705e-06	40.95051256308739	4.14277271800616e-06	68.25085427181232	4.024233131343755e-06	95.55119598053723	3.97455941795217e-06	122.85153768926214	3.956599752914522e-06	150.1518793979871	3.9468219158621136e-06
13.538137469571973	4.870446016200958e-06	40.61441240871592	4.1467051123053126e-06	67.69068734785986	4.027286713504411e-06	94.7669622870038	3.977237795911224e-06	121.84323722614775	3.959141418093073e-06	148.91951216529174	3.94928890947259e-06
13.426343630347414	4.879411191269798e-06	40.27903089104225	4.150690707319011e-06	67.13171815173708	4.030382199203168e-06	93.9844054124319	3.979953160318967e-06	120.83709267312672	3.9617182633968896e-06	147.6897799338216	3.951790093222386e-06
13.314822698238148	4.888487681134397e-06	39.94446809471445	4.154729349942337e-06	66.57411349119074	4.0335194919646275e-06	93.20375888766704	3.982705435524546e-06	119.83340428414333	3.964330220223913e-06	146.46304968061966	3.954325402233821e-06
13.203606753359473	4.8976748669209576e-06	39.61082026007843	4.158820885631246e-06	66.01803376679737	4.036698494312352e-06	92.42524727351632	3.985494545059154e-06	118.83246078023525	3.966977219219234e-06	145.23967428695423	3.9568947709114545e-06
13.09272660980956	4.906972126870939e-06	39.27817982942869	4.1629651584292134e-06	65.46363304904781	4.0399191077828355e-06	91.64908626866692	3.988320411645918e-06	117.83453948828604	3.969659190283697e-06	144.0199927079052	3.959498132950037e-06
12.982211832498681	4.916378836507623e-06	38.946635497496054	4.16716201099393e-06	64.91105916249342	4.043181232939517e-06	90.87548282749077	3.991182957209846e-06	116.83990649248814	3.972376062582562e-06	142.80433015748554	3.962135421342501e-06
12.872090755270298	4.9258943688009015e-06	38.6162722658109	4.1714112846240535e-06	64.36045377635149	4.04648476938688e-06	90.10463528689209	3.994082102887831e-06	115.84881679743268	3.975127764554208e-06	141.5929983079733	3.964806568388007e-06
12.762390500197258	4.935518094330266e-06	38.28717150059178	4.175712819285988e-06	63.811952500986294	4.049829615784579e-06	89.3367335013808	3.9970177690387e-06	114.86151450177532	3.977914223918888e-06	140.38629550216987	3.967511505700031e-06
12.653136997940425	4.945249381445907e-06	37.95941099382128	4.180066453640692e-06	63.26568498970213	4.053215669861643e-06	88.57195898558298	3.999989875253312e-06	113.87823298146382	3.980735367687526e-06	139.1845069773447	3.970250164214497e-06
12.544355009061048	4.955087596427881e-06	37.63306502718315	4.184472025070512e-06	62.72177504530524	4.0566428284307054e-06	87.81048506342734	4.002998340364706e-06	112.89919508154942	3.983591122170568e-06	137.98790509967156	3.973022474197952e-06
12.436068146182576	4.9650321036432775e-06	37.30820443854773	4.18892936970602e-06	62.18034073091289	4.06011098740229e-06	87.05247702327804	4.006043082458282e-06	111.92461331564319	3.986481412986852e-06	136.79674960800838	3.975828365255784e-06
12.328298896901888	4.97508226570134e-06	36.98489669070567	4.193438322452846e-06	61.641494484509444	4.063620041799126e-06	86.2980922783132	4.009124018882028e-06	110.95469007211699	3.989406165072541e-06	135.6112878659208	3.978667766340463e-06
12.221068647354272	4.985237443606495e-06	36.663205942062824	4.197998717018517e-06	61.10534323677137	4.067169885770507e-06	85.5474805314799	4.012241066256787e-06	109.98961782618845	3.992365302690076e-06	134.43175512089704	3.981540605759837e-06
12.114397706341055	4.995496996909226e-06	36.34319311902318	4.202610385939267e-06	60.57198853170529	4.070760412606671e-06	84.80078394438739	4.015394140486547e-06	109.0295793570695	3.9953587494371665e-06	133.25837476975164	3.984446811185449e-06
12.00830532993312	5.0058602838547755e-06	36.02491598979937	4.207273160606831e-06	60.041526649665606	4.074391514753216e-06	84.05813730953184	4.018583156768772e-06	108.07474796939808	3.998386428255814e-06	132.09135862926436	3.987386309660884e-06
11.90280974646803	5.016326661529608e-06	35.7084292394041	4.211986871295196e-06	59.51404873234015	4.07806308382553e-06	83.3196682252762	4.02180802960476e-06	107.12528771821226	4.001448261441365e-06	130.93090721114834	3.9903590276101564e-06
11.79792818186296	5.026895486005611e-06	35.39378454558889	4.216751347187324e-06	58.989640909314815	4.081775010623245e-06	82.58549727304073	4.025068672810024e-06	106.18135363676664	4.0045441706515906e-06	129.7772100004926	3.9933648908461115e-06
11.693676885169905	5.037566112482003e-06	35.08103065550972	4.221566416401812e-06	58.468384425849536	4.085527185144704e-06	81.85573819618934	4.028364999524702e-06	105.24309196652915	4.007674076915789e-06	128.63044573686898	3.996403824578861e-06
11.590071154304004	5.048337895424903e-06	34.770213462912025	4.226431906019504e-06	57.95035577152003	4.089319496601437e-06	81.13049808012804	4.031696922223983e-06	104.31064038873605	4.010837900643913e-06	127.49078269734409	3.99947575342424e-06
11.487125361880043	5.059210188704543e-06	34.46137608564013	4.231347642110041e-06	57.43562680940022	4.09315183343265e-06	80.4098775331603	4.035064352728554e-06	103.38412825692038	4.014035561635721e-06	126.3583789806805	4.002580601412283e-06
11.384852981096339	5.070182345730106e-06	34.154558943289025	4.236313449758322e-06	56.9242649054817	4.09702408331971e-06	79.69397086767438	4.0384672022150614e-06	102.46367682986705	4.017266979089938e-06	125.23338279205976	4.00571829199572e-06
11.283266611609221	5.081253719582133e-06	33.84979983482767	4.241329153090905e-06	56.416333058046106	4.100936133200635e-06	78.98286628126455	4.04190538122659e-06	101.54939950448298	4.020532071613441e-06	124.11593272770145	4.008888748058491e-06
11.1823780053453	5.092423663142524e-06	33.547134016035905	4.2463945753023095e-06	55.9118900267265	4.104887869284574e-06	78.27664603741711	4.0453787996831474e-06	100.6414020481077	4.023830757230453e-06	123.00615805879832	4.012091891924276e-06
11.082198092202484	5.103691529222081e-06	33.24659427660745	4.2515095386812275e-06	55.410990461012425	4.108879177066287e-06	77.57538664541738	4.048887366892161e-06	99.73978282982235	4.027162953391756e-06	121.90417901422734	4.015327645365037e-06
10.982737005594425	5.115056670685592e-06	32.94821101678328	4.25667386463663e-06	54.913685027972136	4.112909941340611e-06	76.87915903916098	4.052430991558979e-06	98.84463305034983	4.030528576983904e-06	120.8101070615387	4.018595929609571e-06
10.88400410779661	5.126518440574437e-06	32.65201232338983	4.261887373723776e-06	54.42002053898305	4.1169800462169035e-06	76.18802875457627	4.056009581797375e-06	97.95603697016948	4.033927544338451e-06	119.72404518576273	4.02189666535208e-06
10.786008015055739	5.138076192226717e-06	32.35802404516723	4.267149885670088e-06	53.930040075278704	4.121089375133481e-06	75.50205610539018	4.0596230451400574e-06	97.07407213550165	4.0373597712411845e-06	118.64608816561315	4.025229772760732e-06
10.688756622427373	5.149729279394876e-06	32.066269867282124	4.272461219400928e-06	53.44378311213687	4.1252378108720234e-06	74.82129635699161	4.0632712885491685e-06	96.19880960184635	4.04082517294136e-06	117.57632284670113	4.028595171486249e-06
10.592257128309862	5.161477056360842e-06	31.776771384929592	4.277821193065225e-06	52.96128564154932	4.1294252355719615e-06	74.14579989816905	4.066954218426793e-06	95.33031415478877	4.044323664160936e-06	116.51482841140852	4.031992780670484e-06
10.496516058645721	5.1733188780486495e-06	31.48954817593717	4.283229624060987e-06	52.482580293228615	4.133651530744835e-06	73.47561241052006	4.07067174062545e-06	94.46864452781149	4.047855159103815e-06	115.46167664510295	4.035422518955005e-06
10.40153929076438	5.185254100134567e-06	31.20461787229314	4.288686329060656e-06	52.0076964538219	4.137916577288611e-06	72.81077503535066	4.074423760458582e-06	93.61385361687941	4.051419571465079e-06	114.41693219840819	4.03888430448968e-06
10.307332076843023	5.197282079154718e-06	30.921996230529075	4.294191124036332e-06	51.536660384215125	4.142220255501979e-06	72.15132453790116	4.0782101827110326e-06	92.76598869158721	4.055016814440214e-06	113.38065284527329	4.042378054941261e-06
10.213899066964803	5.2094021726102e-06	30.641697200894413	4.2997438242848346e-06	51.06949533482402	4.1465624450986e-06	71.49729346875363	4.08203091164951e-06	91.92509160268322	4.058646800734344e-06	112.35288973661285	4.045903687501961e-06
10.121244331756136	5.221613739069714e-06	30.363732995268414	4.305344244452614e-06	50.60622165878068	4.150943025221316e-06	70.84871032229294	4.08588585103304e-06	91.09119898580522	4.062309442571435e-06	111.33368764931751	4.049461118898034e-06
10.029371384587211	5.233916138269697e-06	30.08811415376164	4.3109921985604925e-06	50.14685692293606	4.1553618744563174e-06	70.20559969211048	4.0897749041233956e-06	90.2643424612849	4.066004651703517e-06	110.32308523045936	4.053050265398339e-06
9.9382832033219	5.246308731211974e-06	29.81484960996571	4.3166875000282465e-06	49.69141601660951	4.159818870847259e-06	69.56798242325331	4.093697973695512e-06	89.4445488298971	4.069732339419867e-06	109.32111523654093	4.0566710428229e-06
9.847982251605398	5.258790880258945e-06	29.5439467548162	4.3224299616990115e-06	49.23991125802699	4.164313891909328e-06	68.93587576123778	4.097654962047882e-06	88.63184026444858	4.073492416556197e-06	108.3278047676594	4.0603233665514635e-06
9.758470499679824	5.271361949226304e-06	29.27541149903948	4.328219395863502e-06	48.792352498399126	4.168846814643263e-06	68.30929349775877	4.101645771012924e-06	87.82623449711842	4.077284793503815e-06	107.34317549647808	4.064007151532026e-06
9.669749444719859	5.284021303473321e-06	29.00924833415958	4.334055614284067e-06	48.3487472235993	4.1734175155493075e-06	67.68824611303901	4.1056703019673236e-06	87.02774500247872	4.081109380218782e-06	106.36724389191846	4.067722312289369e-06
9.581820130682129	5.296768309990675e-06	28.745460392046393	4.339938428218534e-06	47.909100653410654	4.178025870641115e-06	67.07274091477491	4.109728455842354e-06	86.23638117613916	4.084966086231033e-06	105.40002143750344	4.071468762933563e-06
9.494683167663672	5.3096023374858965e-06	28.48404950299102	4.3458676484438865e-06	47.47341583831836	4.182671755459583e-06	66.4627821736457	4.113820133134163e-06	85.45214850897304	4.0888548206534935e-06	104.4415148443004	4.075246417168467e-06
9.408338750766239	5.3225227564663884e-06	28.225016252298726	4.351843085279723e-06	47.041693753831204	4.187355045086631e-06	65.85837125536368	4.117945233914029e-06	84.67504875689616	4.092775492191161e-06	103.49172625842866	4.079055188300198e-06
9.322786678464647	5.335528939320082e-06	27.968360035393946	4.357864548611532e-06	46.61393339232324	4.192075614158909e-06	65.25950674925254	4.122103657838584e-06	83.90508010618183	4.096728009150177e-06	102.55065346311115	4.082894989245594e-06
9.23802637047849	5.348620260393725e-06	27.714079111435478	4.363931847913755e-06	46.190131852392454	4.196833336881432e-06	64.66618459334943	4.12629530416e-06	83.14223733430642	4.100712279446854e-06	101.61829007526342	4.0867657325406435e-06
9.154056885147853	5.361796096068838e-06	27.46217065544356	4.370044792272642e-06	45.77028442573926	4.201628087041152e-06	64.07839819603497	4.130520071736147e-06	82.38651196633067	4.104728210616693e-06	100.69462573662639	4.0906673303489025e-06
9.070876936314596	5.3750558248353535e-06	27.212630808943793	4.376203190408897e-06	45.35438468157299	4.206459738020448e-06	63.496138554202176	4.134777859040698e-06	81.63789242683136	4.108775709823365e-06	99.77964629946058	4.094599694469882e-06