-2.47353e-05  0.000236361
-2.46859e-05  0.000268572
-2.46364e-05  0.00030283
-2.45869e-05  0.000339118
-2.45375e-05  0.000377418
-2.4488e-05  0.000417708
-2.44385e-05  0.000459961
-2.4389e-05  0.000504149
-2.43396e-05  0.00055024
-2.42901e-05  0.000598198
-2.42406e-05  0.000647986
-2.41912e-05  0.000699562
-2.41417e-05  0.000752881
-2.40922e-05  0.000807894
-2.40427e-05  0.000864552
-2.39933e-05  0.000922801
-2.39438e-05  0.000982583
-2.38943e-05  0.00104384
-2.38449e-05  0.0011065
-2.37954e-05  0.00117052
-2.37459e-05  0.0012358
-2.36965e-05  0.0013023
-2.3647e-05  0.00136993
-2.35975e-05  0.00143861
-2.3548e-05  0.00150827
-2.34986e-05  0.00157882
-2.34491e-05  0.00165019
-2.33996e-05  0.00172229
-2.33502e-05  0.00179503
-2.33007e-05  0.00186832
-2.32512e-05  0.00194207
-2.32017e-05  0.00201618
-2.31523e-05  0.00209057
-2.31028e-05  0.00216513
-2.30533e-05  0.00223977
-2.30039e-05  0.00231438
-2.29544e-05  0.00238888
-2.29049e-05  0.00246316
-2.28555e-05  0.00253711
-2.2806e-05  0.00261063
-2.27565e-05  0.00268363
-2.2707e-05  0.00275599
-2.26576e-05  0.00282762
-2.26081e-05  0.0028984
-2.25586e-05  0.00296825
-2.25092e-05  0.00303704
-2.24597e-05  0.00310469
-2.24102e-05  0.00317108
-2.23607e-05  0.00323612
-2.23113e-05  0.00329971
-2.22618e-05  0.00336173
-2.22123e-05  0.00342211
-2.21629e-05  0.00348073
-2.21134e-05  0.00353751
-2.20639e-05  0.00359234
-2.20144e-05  0.00364514
-2.1965e-05  0.00369582
-2.19155e-05  0.00374428
-2.1866e-05  0.00379045
-2.18166e-05  0.00383423
-2.17671e-05  0.00387556
-2.17176e-05  0.00391434
-2.16682e-05  0.00395051
-2.16187e-05  0.00398399
-2.15692e-05  0.00401472
-2.15197e-05  0.00404263
-2.14703e-05  0.00406766
-2.14208e-05  0.00408975
-2.13713e-05  0.00410885
-2.13219e-05  0.0041249
-2.12724e-05  0.00413787
-2.12229e-05  0.00414771
-2.11734e-05  0.00415439
-2.1124e-05  0.00415786
-2.10745e-05  0.00415811
-2.1025e-05  0.00415511
-2.09756e-05  0.00414885
-2.09261e-05  0.0041393
-2.08766e-05  0.00412646
-2.08272e-05  0.00411033
-2.07777e-05  0.00409091
-2.07282e-05  0.0040682
-2.06787e-05  0.00404223
-2.06293e-05  0.004013
-2.05798e-05  0.00398054
-2.05303e-05  0.00394488
-2.04809e-05  0.00390605
-2.04314e-05  0.00386409
-2.03819e-05  0.00381906
-2.03324e-05  0.00377099
-2.0283e-05  0.00371994
-2.02335e-05  0.00366599
-2.0184e-05  0.00360919
-2.01346e-05  0.00354962
-2.00851e-05  0.00348736
-2.00356e-05  0.00342249
-1.99862e-05  0.00335511
-1.99367e-05  0.0032853
-1.98872e-05  0.00321317
-1.98377e-05  0.00313883
-1.97883e-05  0.00306238
-1.97388e-05  0.00298394
-1.96893e-05  0.00290364
-1.96399e-05  0.0028216
-1.95904e-05  0.00273795
-1.95409e-05  0.00265283
-1.94914e-05  0.00256638
-1.9442e-05  0.00247875
-1.93925e-05  0.00239007
-1.9343e-05  0.00230052
-1.92936e-05  0.00221024
-1.92441e-05  0.0021194
-1.91946e-05  0.00202816
-1.91452e-05  0.0019367
-1.90957e-05  0.00184517
-1.90462e-05  0.00175377
-1.89967e-05  0.00166267
-1.89473e-05  0.00157204
-1.88978e-05  0.00148208
-1.88483e-05  0.00139296
-1.87989e-05  0.00130489
-1.87494e-05  0.00121803
-1.86999e-05  0.0011326
-1.86504e-05  0.00104877
-1.8601e-05  0.000966752
-1.85515e-05  0.000886728
-1.8502e-05  0.000808897
-1.84526e-05  0.000733454
-1.84031e-05  0.000660594
-1.83536e-05  0.000590513
-1.83041e-05  0.000523404
-1.82547e-05  0.000459462
-1.82052e-05  0.000398878
-1.81557e-05  0.000341843
-1.81063e-05  0.000288547
-1.80568e-05  0.000239176
-1.80073e-05  0.000193916
-1.79579e-05  0.000152949
-1.79084e-05  0.000116453
-1.78589e-05  8.46049e-05
-1.78094e-05  5.7577e-05
-1.776e-05  3.55379e-05
-1.77105e-05  1.86521e-05
-1.7661e-05  7.07947e-06
-1.76116e-05  9.75387e-07
-1.75621e-05  4.90053e-07
-1.75126e-05  5.76836e-06
-1.74631e-05  1.69496e-05
-1.74137e-05  3.41671e-05
-1.73642e-05  5.7548e-05
-1.73147e-05  8.72131e-05
-1.72653e-05  0.000123276
-1.72158e-05  0.000165844
-1.71663e-05  0.000215017
-1.71169e-05  0.000270886
-1.70674e-05  0.000333537
-1.70179e-05  0.000403044
-1.69684e-05  0.000479477
-1.6919e-05  0.000562894
-1.68695e-05  0.000653346
-1.682e-05  0.000750874
-1.67706e-05  0.000855513
-1.67211e-05  0.000967283
-1.66716e-05  0.0010862
-1.66221e-05  0.00121227
-1.65727e-05  0.00134548
-1.65232e-05  0.00148582
-1.64737e-05  0.00163325
-1.64243e-05  0.00178776
-1.63748e-05  0.00194928
-1.63253e-05  0.00211776
-1.62759e-05  0.00229314
-1.62264e-05  0.00247533
-1.61769e-05  0.00266424
-1.61274e-05  0.00285977
-1.6078e-05  0.00306181
-1.60285e-05  0.00327024
-1.5979e-05  0.00348492
-1.59296e-05  0.00370572
-1.58801e-05  0.00393247
-1.58306e-05  0.004165
-1.57811e-05  0.00440315
-1.57317e-05  0.00464672
-1.56822e-05  0.00489551
-1.56327e-05  0.00514932
-1.55833e-05  0.00540792
-1.55338e-05  0.00567109
-1.54843e-05  0.00593858
-1.54349e-05  0.00621015
-1.53854e-05  0.00648553
-1.53359e-05  0.00676445
-1.52864e-05  0.00704663
-1.5237e-05  0.00733179
-1.51875e-05  0.00761963
-1.5138e-05  0.00790983
-1.50886e-05  0.00820209
-1.50391e-05  0.00849608
-1.49896e-05  0.00879147
-1.49401e-05  0.00908792
-1.48907e-05  0.00938509
-1.48412e-05  0.00968262
-1.47917e-05  0.00998015
-1.47423e-05  0.0102773
-1.46928e-05  0.0105738
-1.46433e-05  0.0108691
-1.45938e-05  0.0111629
-1.45444e-05  0.0114549
-1.44949e-05  0.0117446
-1.44454e-05  0.0120316
-1.4396e-05  0.0123156
-1.43465e-05  0.0125961
-1.4297e-05  0.0128728
-1.42476e-05  0.0131453
-1.41981e-05  0.013413
-1.41486e-05  0.0136758
-1.40991e-05  0.013933
-1.40497e-05  0.0141845
-1.40002e-05  0.0144296
-1.39507e-05  0.0146681
-1.39013e-05  0.0148996
-1.38518e-05  0.0151236
-1.38023e-05  0.0153398
-1.37528e-05  0.0155478
-1.37034e-05  0.0157472
-1.36539e-05  0.0159377
-1.36044e-05  0.0161188
-1.3555e-05  0.0162903
-1.35055e-05  0.0164517
-1.3456e-05  0.0166028
-1.34066e-05  0.0167432
-1.33571e-05  0.0168726
-1.33076e-05  0.0169907
-1.32581e-05  0.0170972
-1.32087e-05  0.0171917
-1.31592e-05  0.0172741
-1.31097e-05  0.0173441
-1.30603e-05  0.0174014
-1.30108e-05  0.0174457
-1.29613e-05  0.017477
-1.29118e-05  0.0174949
-1.28624e-05  0.0174994
-1.28129e-05  0.0174901
-1.27634e-05  0.0174671
-1.2714e-05  0.0174301
-1.26645e-05  0.0173791
-1.2615e-05  0.017314
-1.25656e-05  0.0172347
-1.25161e-05  0.0171411
-1.24666e-05  0.0170333
-1.24171e-05  0.0169113
-1.23677e-05  0.016775
-1.23182e-05  0.0166245
-1.22687e-05  0.0164599
-1.22193e-05  0.0162814
-1.21698e-05  0.0160889
-1.21203e-05  0.0158827
-1.20708e-05  0.015663
-1.20214e-05  0.0154299
-1.19719e-05  0.0151837
-1.19224e-05  0.0149246
-1.1873e-05  0.0146529
-1.18235e-05  0.014369
-1.1774e-05  0.0140732
-1.17245e-05  0.0137659
-1.16751e-05  0.0134474
-1.16256e-05  0.0131183
-1.15761e-05  0.0127789
-1.15267e-05  0.0124297
-1.14772e-05  0.0120714
-1.14277e-05  0.0117044
-1.13783e-05  0.0113294
-1.13288e-05  0.010947
-1.12793e-05  0.0105577
-1.12298e-05  0.0101624
-1.11804e-05  0.00976167
-1.11309e-05  0.00935632
-1.10814e-05  0.00894713
-1.1032e-05  0.00853489
-1.09825e-05  0.00812046
-1.0933e-05  0.00770471
-1.08835e-05  0.00728855
-1.08341e-05  0.00687291
-1.07846e-05  0.00645876
-1.07351e-05  0.00604711
-1.06857e-05  0.00563898
-1.06362e-05  0.00523544
-1.05867e-05  0.00483758
-1.05373e-05  0.00444651
-1.04878e-05  0.00406339
-1.04383e-05  0.0036894
-1.03888e-05  0.00332575
-1.03394e-05  0.00297367
-1.02899e-05  0.00263442
-1.02404e-05  0.0023093
-1.0191e-05  0.00199962
-1.01415e-05  0.00170673
-1.0092e-05  0.00143199
-1.00425e-05  0.00117679
-9.99308e-06  0.000942551
-9.94361e-06  0.00073071
-9.89413e-06  0.000542728
-9.84466e-06  0.000380086
-9.79519e-06  0.000244287
-9.74572e-06  0.000136853
-9.69625e-06  5.93243e-05
-9.64678e-06  1.32596e-05
-9.59731e-06  2.34123e-07
-9.54784e-06  2.18388e-05
-9.49837e-06  7.96794e-05
-9.4489e-06  0.000175375
-9.39943e-06  0.000310559
-9.34996e-06  0.000486873
-9.30049e-06  0.000705972
-9.25102e-06  0.000969519
-9.20155e-06  0.00127918
-9.15207e-06  0.00163665
-9.1026e-06  0.00204359
-9.05313e-06  0.0025017
-9.00366e-06  0.00301267
-8.95419e-06  0.00357819
-8.90472e-06  0.00419996
-8.85525e-06  0.00487965
-8.80578e-06  0.00561898
-8.75631e-06  0.00641962
-8.70684e-06  0.00728324
-8.65737e-06  0.00821154
-8.6079e-06  0.00920616
-8.55843e-06  0.0102688
-8.50896e-06  0.011401
-8.45949e-06  0.0126045
-8.41001e-06  0.0138809
-8.36054e-06  0.0152318
-8.31107e-06  0.0166588
-8.2616e-06  0.0181635
-8.21213e-06  0.0197473
-8.16266e-06  0.0214119
-8.11319e-06  0.0231587
-8.06372e-06  0.0249892
-8.01425e-06  0.0269049
-7.96478e-06  0.0289073
-7.91531e-06  0.0309976
-7.86584e-06  0.0331773
-7.81637e-06  0.0354477
-7.7669e-06  0.0378102
-7.71743e-06  0.0402659
-7.66795e-06  0.0428162
-7.61848e-06  0.0454622
-7.56901e-06  0.0482051
-7.51954e-06  0.0510461
-7.47007e-06  0.0539861
-7.4206e-06  0.0570262
-7.37113e-06  0.0601674
-7.32166e-06  0.0634107
-7.27219e-06  0.066757
-7.22272e-06  0.0702071
-7.17325e-06  0.0737617
-7.12378e-06  0.0774217
-7.07431e-06  0.0811878
-7.02484e-06  0.0850605
-6.97536e-06  0.0890406
-6.92589e-06  0.0931284
-6.87642e-06  0.0973245
-6.82695e-06  0.101629
-6.77748e-06  0.106043
-6.72801e-06  0.110566
-6.67854e-06  0.115199
-6.62907e-06  0.119942
-6.5796e-06  0.124794
-6.53013e-06  0.129757
-6.48066e-06  0.134829
-6.43119e-06  0.140011
-6.38172e-06  0.145303
-6.33225e-06  0.150704
-6.28278e-06  0.156215
-6.2333e-06  0.161834
-6.18383e-06  0.167562
-6.13436e-06  0.173398
-6.08489e-06  0.179341
-6.03542e-06  0.185391
-5.98595e-06  0.191547
-5.93648e-06  0.197808
-5.88701e-06  0.204173
-5.83754e-06  0.210642
-5.78807e-06  0.217214
-5.7386e-06  0.223887
-5.68913e-06  0.230661
-5.63966e-06  0.237534
-5.59019e-06  0.244504
-5.54072e-06  0.251571
-5.49124e-06  0.258734
-5.44177e-06  0.26599
-5.3923e-06  0.273338
-5.34283e-06  0.280776
-5.29336e-06  0.288304
-5.24389e-06  0.295918
-5.19442e-06  0.303617
-5.14495e-06  0.3114
-5.09548e-06  0.319264
-5.04601e-06  0.327208
-4.99654e-06  0.335228
-4.94707e-06  0.343324
-4.8976e-06  0.351492
-4.84813e-06  0.359731
-4.79866e-06  0.368037
-4.74918e-06  0.37641
-4.69971e-06  0.384845
-4.65024e-06  0.393341
-4.60077e-06  0.401895
-4.5513e-06  0.410504
-4.50183e-06  0.419166
-4.45236e-06  0.427878
-4.40289e-06  0.436636
-4.35342e-06  0.445439
-4.30395e-06  0.454282
-4.25448e-06  0.463164
-4.20501e-06  0.472081
-4.15554e-06  0.481029
-4.10607e-06  0.490007
-4.0566e-06  0.49901
-4.00712e-06  0.508035
-3.95765e-06  0.517079
-3.90818e-06  0.526139
-3.85871e-06  0.535212
-3.80924e-06  0.544294
-3.75977e-06  0.553381
-3.7103e-06  0.562471
-3.66083e-06  0.571559
-3.61136e-06  0.580642
-3.56189e-06  0.589717
-3.51242e-06  0.59878
-3.46295e-06  0.607828
-3.41348e-06  0.616857
-3.36401e-06  0.625862
-3.31454e-06  0.634842
-3.26506e-06  0.643792
-3.21559e-06  0.652707
-3.16612e-06  0.661586
-3.11665e-06  0.670423
-3.06718e-06  0.679216
-3.01771e-06  0.687961
-2.96824e-06  0.696653
-2.91877e-06  0.70529
-2.8693e-06  0.713867
-2.81983e-06  0.722382
-2.77036e-06  0.730829
-2.72089e-06  0.739206
-2.67142e-06  0.747509
-2.62195e-06  0.755735
-2.57248e-06  0.763879
-2.523e-06  0.771938
-2.47353e-06  0.779909
-2.42406e-06  0.787788
-2.37459e-06  0.795571
-2.32512e-06  0.803256
-2.27565e-06  0.810838
-2.22618e-06  0.818314
-2.17671e-06  0.825681
-2.12724e-06  0.832935
-2.07777e-06  0.840074
-2.0283e-06  0.847093
-1.97883e-06  0.85399
-1.92936e-06  0.860762
-1.87989e-06  0.867405
-1.83041e-06  0.873916
-1.78094e-06  0.880292
-1.73147e-06  0.886531
-1.682e-06  0.892629
-1.63253e-06  0.898583
-1.58306e-06  0.904392
-1.53359e-06  0.910051
-1.48412e-06  0.915559
-1.43465e-06  0.920912
-1.38518e-06  0.926109
-1.33571e-06  0.931146
-1.28624e-06  0.936022
-1.23677e-06  0.940734
-1.1873e-06  0.945279
-1.13783e-06  0.949656
-1.08835e-06  0.953863
-1.03888e-06  0.957897
-9.89413e-07  0.961757
-9.39943e-07  0.96544
-8.90472e-07  0.968946
-8.41001e-07  0.972272
-7.91531e-07  0.975416
-7.4206e-07  0.978377
-6.92589e-07  0.981155
-6.43119e-07  0.983746
-5.93648e-07  0.986151
-5.44177e-07  0.988367
-4.94707e-07  0.990395
-4.45236e-07  0.992232
-3.95765e-07  0.993879
-3.46295e-07  0.995333
-2.96824e-07  0.996595
-2.47353e-07  0.997664
-1.97883e-07  0.99854
-1.48412e-07  0.999221
-9.89413e-08  0.999708
-4.94707e-08  1
4.94707e-08  1
9.89414e-08  0.999708
1.48412e-07  0.999221
1.97883e-07  0.99854
2.47353e-07  0.997664
2.96824e-07  0.996595
3.46295e-07  0.995333
3.95765e-07  0.993879
4.45236e-07  0.992232
4.94707e-07  0.990395
5.44177e-07  0.988367
5.93648e-07  0.986151
6.43119e-07  0.983746
6.92589e-07  0.981155
7.4206e-07  0.978377
7.91531e-07  0.975416
8.41001e-07  0.972272
8.90472e-07  0.968946
9.39943e-07  0.96544
9.89413e-07  0.961757
1.03888e-06  0.957897
1.08835e-06  0.953863
1.13783e-06  0.949656
1.1873e-06  0.945279
1.23677e-06  0.940734
1.28624e-06  0.936022
1.33571e-06  0.931146
1.38518e-06  0.926109
1.43465e-06  0.920912
1.48412e-06  0.915559
1.53359e-06  0.910051
1.58306e-06  0.904392
1.63253e-06  0.898583
1.682e-06  0.892629
1.73147e-06  0.886531
1.78094e-06  0.880292
1.83041e-06  0.873916
1.87989e-06  0.867405
1.92936e-06  0.860762
1.97883e-06  0.85399
2.0283e-06  0.847093
2.07777e-06  0.840074
2.12724e-06  0.832935
2.17671e-06  0.825681
2.22618e-06  0.818314
2.27565e-06  0.810838
2.32512e-06  0.803256
2.37459e-06  0.795571
2.42406e-06  0.787788
2.47353e-06  0.779909
2.523e-06  0.771938
2.57248e-06  0.763879
2.62195e-06  0.755735
2.67142e-06  0.747509
2.72089e-06  0.739206
2.77036e-06  0.730829
2.81983e-06  0.722382
2.8693e-06  0.713867
2.91877e-06  0.70529
2.96824e-06  0.696653
3.01771e-06  0.687961
3.06718e-06  0.679216
3.11665e-06  0.670423
3.16612e-06  0.661586
3.21559e-06  0.652707
3.26506e-06  0.643792
3.31454e-06  0.634842
3.36401e-06  0.625862
3.41348e-06  0.616857
3.46295e-06  0.607828
3.51242e-06  0.59878
3.56189e-06  0.589717
3.61136e-06  0.580642
3.66083e-06  0.571559
3.7103e-06  0.562471
3.75977e-06  0.553381
3.80924e-06  0.544294
3.85871e-06  0.535212
3.90818e-06  0.526139
3.95765e-06  0.517079
4.00712e-06  0.508035
4.0566e-06  0.49901
4.10607e-06  0.490007
4.15554e-06  0.481029
4.20501e-06  0.472081
4.25448e-06  0.463164
4.30395e-06  0.454282
4.35342e-06  0.445439
4.40289e-06  0.436636
4.45236e-06  0.427878
4.50183e-06  0.419166
4.5513e-06  0.410504
4.60077e-06  0.401895
4.65024e-06  0.393341
4.69971e-06  0.384845
4.74918e-06  0.37641
4.79866e-06  0.368037
4.84813e-06  0.359731
4.8976e-06  0.351492
4.94707e-06  0.343324
4.99654e-06  0.335228
5.04601e-06  0.327208
5.09548e-06  0.319264
5.14495e-06  0.3114
5.19442e-06  0.303617
5.24389e-06  0.295918
5.29336e-06  0.288304
5.34283e-06  0.280776
5.3923e-06  0.273338
5.44177e-06  0.26599
5.49124e-06  0.258734
5.54072e-06  0.251571
5.59019e-06  0.244504
5.63966e-06  0.237534
5.68913e-06  0.230661
5.7386e-06  0.223887
5.78807e-06  0.217214
5.83754e-06  0.210642
5.88701e-06  0.204173
5.93648e-06  0.197808
5.98595e-06  0.191547
6.03542e-06  0.185391
6.08489e-06  0.179341
6.13436e-06  0.173398
6.18383e-06  0.167562
6.2333e-06  0.161834
6.28278e-06  0.156215
6.33225e-06  0.150704
6.38172e-06  0.145303
6.43119e-06  0.140011
6.48066e-06  0.134829
6.53013e-06  0.129757
6.5796e-06  0.124794
6.62907e-06  0.119942
6.67854e-06  0.115199
6.72801e-06  0.110566
6.77748e-06  0.106043
6.82695e-06  0.101629
6.87642e-06  0.0973245
6.92589e-06  0.0931284
6.97536e-06  0.0890406
7.02484e-06  0.0850605
7.07431e-06  0.0811878
7.12378e-06  0.0774217
7.17325e-06  0.0737617
7.22272e-06  0.0702071
7.27219e-06  0.066757
7.32166e-06  0.0634107
7.37113e-06  0.0601674
7.4206e-06  0.0570262
7.47007e-06  0.0539861
7.51954e-06  0.0510461
7.56901e-06  0.0482051
7.61848e-06  0.0454622
7.66795e-06  0.0428162
7.71743e-06  0.0402659
7.7669e-06  0.0378102
7.81637e-06  0.0354477
7.86584e-06  0.0331773
7.91531e-06  0.0309976
7.96478e-06  0.0289073
8.01425e-06  0.0269049
8.06372e-06  0.0249892
8.11319e-06  0.0231587
8.16266e-06  0.0214119
8.21213e-06  0.0197473
8.2616e-06  0.0181635
8.31107e-06  0.0166588
8.36054e-06  0.0152318
8.41001e-06  0.0138809
8.45949e-06  0.0126045
8.50896e-06  0.011401
8.55843e-06  0.0102688
8.6079e-06  0.00920616
8.65737e-06  0.00821154
8.70684e-06  0.00728324
8.75631e-06  0.00641962
8.80578e-06  0.00561898
8.85525e-06  0.00487965
8.90472e-06  0.00419996
8.95419e-06  0.00357819
9.00366e-06  0.00301267
9.05313e-06  0.0025017
9.1026e-06  0.00204359
9.15207e-06  0.00163665
9.20155e-06  0.00127918
9.25102e-06  0.000969519
9.30049e-06  0.000705972
9.34996e-06  0.000486873
9.39943e-06  0.000310559
9.4489e-06  0.000175375
9.49837e-06  7.96794e-05
9.54784e-06  2.18388e-05
9.59731e-06  2.34123e-07
9.64678e-06  1.32596e-05
9.69625e-06  5.93243e-05
9.74572e-06  0.000136853
9.79519e-06  0.000244287
9.84466e-06  0.000380086
9.89413e-06  0.000542728
9.94361e-06  0.00073071
9.99308e-06  0.000942551
1.00425e-05  0.00117679
1.0092e-05  0.00143199
1.01415e-05  0.00170673
1.0191e-05  0.00199962
1.02404e-05  0.0023093
1.02899e-05  0.00263442
1.03394e-05  0.00297367
1.03888e-05  0.00332575
1.04383e-05  0.0036894
1.04878e-05  0.00406339
1.05373e-05  0.00444651
1.05867e-05  0.00483758
1.06362e-05  0.00523544
1.06857e-05  0.00563898
1.07351e-05  0.00604711
1.07846e-05  0.00645876
1.08341e-05  0.00687291
1.08835e-05  0.00728855
1.0933e-05  0.00770471
1.09825e-05  0.00812046
1.1032e-05  0.00853489
1.10814e-05  0.00894713
1.11309e-05  0.00935632
1.11804e-05  0.00976167
1.12298e-05  0.0101624
1.12793e-05  0.0105577
1.13288e-05  0.010947
1.13783e-05  0.0113294
1.14277e-05  0.0117044
1.14772e-05  0.0120714
1.15267e-05  0.0124297
1.15761e-05  0.0127789
1.16256e-05  0.0131183
1.16751e-05  0.0134474
1.17245e-05  0.0137659
1.1774e-05  0.0140732
1.18235e-05  0.014369
1.1873e-05  0.0146529
1.19224e-05  0.0149246
1.19719e-05  0.0151837
1.20214e-05  0.0154299
1.20708e-05  0.015663
1.21203e-05  0.0158827
1.21698e-05  0.0160889
1.22193e-05  0.0162814
1.22687e-05  0.0164599
1.23182e-05  0.0166245
1.23677e-05  0.016775
1.24171e-05  0.0169113
1.24666e-05  0.0170333
1.25161e-05  0.0171411
1.25656e-05  0.0172347
1.2615e-05  0.017314
1.26645e-05  0.0173791
1.2714e-05  0.0174301
1.27634e-05  0.0174671
1.28129e-05  0.0174901
1.28624e-05  0.0174994
1.29118e-05  0.0174949
1.29613e-05  0.017477
1.30108e-05  0.0174457
1.30603e-05  0.0174014
1.31097e-05  0.0173441
1.31592e-05  0.0172741
1.32087e-05  0.0171917
1.32581e-05  0.0170972
1.33076e-05  0.0169907
1.33571e-05  0.0168726
1.34066e-05  0.0167432
1.3456e-05  0.0166028
1.35055e-05  0.0164517
1.3555e-05  0.0162903
1.36044e-05  0.0161188
1.36539e-05  0.0159377
1.37034e-05  0.0157472
1.37528e-05  0.0155478
1.38023e-05  0.0153398
1.38518e-05  0.0151236
1.39013e-05  0.0148996
1.39507e-05  0.0146681
1.40002e-05  0.0144296
1.40497e-05  0.0141845
1.40991e-05  0.013933
1.41486e-05  0.0136758
1.41981e-05  0.013413
1.42476e-05  0.0131453
1.4297e-05  0.0128728
1.43465e-05  0.0125961
1.4396e-05  0.0123156
1.44454e-05  0.0120316
1.44949e-05  0.0117446
1.45444e-05  0.0114549
1.45938e-05  0.0111629
1.46433e-05  0.0108691
1.46928e-05  0.0105738
1.47423e-05  0.0102773
1.47917e-05  0.00998015
1.48412e-05  0.00968262
1.48907e-05  0.00938509
1.49401e-05  0.00908792
1.49896e-05  0.00879147
1.50391e-05  0.00849608
1.50886e-05  0.00820209
1.5138e-05  0.00790983
1.51875e-05  0.00761963
1.5237e-05  0.00733179
1.52864e-05  0.00704663
1.53359e-05  0.00676445
1.53854e-05  0.00648553
1.54349e-05  0.00621015
1.54843e-05  0.00593858
1.55338e-05  0.00567109
1.55833e-05  0.00540792
1.56327e-05  0.00514932
1.56822e-05  0.00489551
1.57317e-05  0.00464672
1.57811e-05  0.00440315
1.58306e-05  0.004165
1.58801e-05  0.00393247
1.59296e-05  0.00370572
1.5979e-05  0.00348492
1.60285e-05  0.00327024
1.6078e-05  0.00306181
1.61274e-05  0.00285977
1.61769e-05  0.00266424
1.62264e-05  0.00247533
1.62759e-05  0.00229314
1.63253e-05  0.00211776
1.63748e-05  0.00194928
1.64243e-05  0.00178776
1.64737e-05  0.00163325
1.65232e-05  0.00148582
1.65727e-05  0.00134548
1.66221e-05  0.00121227
1.66716e-05  0.0010862
1.67211e-05  0.000967283
1.67706e-05  0.000855513
1.682e-05  0.000750874
1.68695e-05  0.000653346
1.6919e-05  0.000562894
1.69684e-05  0.000479477
1.70179e-05  0.000403044
1.70674e-05  0.000333537
1.71169e-05  0.000270886
1.71663e-05  0.000215017
1.72158e-05  0.000165844
1.72653e-05  0.000123276
1.73147e-05  8.72131e-05
1.73642e-05  5.7548e-05
1.74137e-05  3.41671e-05
1.74631e-05  1.69496e-05
1.75126e-05  5.76836e-06
1.75621e-05  4.90053e-07
1.76116e-05  9.75387e-07
1.7661e-05  7.07947e-06
1.77105e-05  1.86521e-05
1.776e-05  3.55379e-05
1.78094e-05  5.7577e-05
1.78589e-05  8.46049e-05
1.79084e-05  0.000116453
1.79579e-05  0.000152949
1.80073e-05  0.000193916
1.80568e-05  0.000239176
1.81063e-05  0.000288547
1.81557e-05  0.000341843
1.82052e-05  0.000398878
1.82547e-05  0.000459462
1.83041e-05  0.000523404
1.83536e-05  0.000590513
1.84031e-05  0.000660594
1.84526e-05  0.000733454
1.8502e-05  0.000808897
1.85515e-05  0.000886728
1.8601e-05  0.000966752
1.86504e-05  0.00104877
1.86999e-05  0.0011326
1.87494e-05  0.00121803
1.87989e-05  0.00130489
1.88483e-05  0.00139296
1.88978e-05  0.00148208
1.89473e-05  0.00157204
1.89967e-05  0.00166267
1.90462e-05  0.00175377
1.90957e-05  0.00184517
1.91452e-05  0.0019367
1.91946e-05  0.00202816
1.92441e-05  0.0021194
1.92936e-05  0.00221024
1.9343e-05  0.00230052
1.93925e-05  0.00239007
1.9442e-05  0.00247875
1.94914e-05  0.00256638
1.95409e-05  0.00265283
1.95904e-05  0.00273795
1.96399e-05  0.0028216
1.96893e-05  0.00290364
1.97388e-05  0.00298394
1.97883e-05  0.00306238
1.98377e-05  0.00313883
1.98872e-05  0.00321317
1.99367e-05  0.0032853
1.99862e-05  0.00335511
2.00356e-05  0.00342249
2.00851e-05  0.00348736
2.01346e-05  0.00354962
2.0184e-05  0.00360919
2.02335e-05  0.00366599
2.0283e-05  0.00371994
2.03324e-05  0.00377099
2.03819e-05  0.00381906
2.04314e-05  0.00386409
2.04809e-05  0.00390605
2.05303e-05  0.00394488
2.05798e-05  0.00398054
2.06293e-05  0.004013
2.06787e-05  0.00404223
2.07282e-05  0.0040682
2.07777e-05  0.00409091
2.08272e-05  0.00411033
2.08766e-05  0.00412646
2.09261e-05  0.0041393
2.09756e-05  0.00414885
2.1025e-05  0.00415511
2.10745e-05  0.00415811
2.1124e-05  0.00415786
2.11734e-05  0.00415439
2.12229e-05  0.00414771
2.12724e-05  0.00413787
2.13219e-05  0.0041249
2.13713e-05  0.00410885
2.14208e-05  0.00408975
2.14703e-05  0.00406766
2.15197e-05  0.00404263
2.15692e-05  0.00401472
2.16187e-05  0.00398399
2.16682e-05  0.00395051
2.17176e-05  0.00391434
2.17671e-05  0.00387556
2.18166e-05  0.00383423
2.1866e-05  0.00379045
2.19155e-05  0.00374428
2.1965e-05  0.00369582
2.20144e-05  0.00364514
2.20639e-05  0.00359234
2.21134e-05  0.00353751
2.21629e-05  0.00348073
2.22123e-05  0.00342211
2.22618e-05  0.00336173
2.23113e-05  0.00329971
2.23607e-05  0.00323612
2.24102e-05  0.00317108
2.24597e-05  0.00310469
2.25092e-05  0.00303704
2.25586e-05  0.00296825
2.26081e-05  0.0028984
2.26576e-05  0.00282762
2.2707e-05  0.00275599
2.27565e-05  0.00268363
2.2806e-05  0.00261063
2.28555e-05  0.00253711
2.29049e-05  0.00246316
2.29544e-05  0.00238888
2.30039e-05  0.00231438
2.30533e-05  0.00223977
2.31028e-05  0.00216513
2.31523e-05  0.00209057
2.32017e-05  0.00201618
2.32512e-05  0.00194207
2.33007e-05  0.00186832
2.33502e-05  0.00179503
2.33996e-05  0.00172229
2.34491e-05  0.00165019
2.34986e-05  0.00157882
2.3548e-05  0.00150827
2.35975e-05  0.00143861
2.3647e-05  0.00136993
2.36965e-05  0.0013023
2.37459e-05  0.0012358
2.37954e-05  0.00117052
2.38449e-05  0.0011065
2.38943e-05  0.00104384
2.39438e-05  0.000982583
2.39933e-05  0.000922801
2.40427e-05  0.000864552
2.40922e-05  0.000807894
2.41417e-05  0.000752881
2.41912e-05  0.000699562
2.42406e-05  0.000647986
2.42901e-05  0.000598198
2.43396e-05  0.00055024
2.4389e-05  0.000504149
2.44385e-05  0.000459961
2.4488e-05  0.000417708
2.45375e-05  0.000377418
2.45869e-05  0.000339118
2.46364e-05  0.00030283
2.46859e-05  0.000268572
2.47353e-05  0.000236361
